# R script for Peak Model
#  -- generated by MACS
p <- c(0.0423999537331,0.049346838808,0.0566701560791,0.0631037245228,0.070016388489,0.0690924185529,0.0694688507491,0.0692635240966,0.0698452829453,0.0696741774015,0.0694004085316,0.0687844285742,0.0680657852906,0.0681000063993,0.0673813631157,0.0687159863567,0.0675524686595,0.0671075942458,0.0661836243097,0.0655676443523,0.0654307599174,0.0655676443523,0.0660809609835,0.0662520665272,0.0666627198321,0.0657387498961,0.0662862876359,0.0663889509622,0.0658071921135,0.0664573931797,0.0665600565059,0.0671418153545,0.0672786997895,0.067484026442,0.0671760364633,0.067484026442,0.0676893530944,0.0674498053332,0.0682026697256,0.0676893530944,0.0669364887021,0.0662520665272,0.0656360865698,0.066012518766,0.0664573931797,0.066149403201,0.0662178454185,0.0670391520283,0.067210257572,0.0677920164207,0.0675182475507,0.0674498053332,0.0678604586381,0.0676209108769,0.0677577953119,0.0682711119431,0.0684422174868,0.0687502074655,0.068544880813,0.0680657852906,0.068818649683,0.0690924185529,0.0685106597043,0.068544880813,0.0683737752693,0.0678946797469,0.068407996378,0.0676893530944,0.0675866897682,0.068544880813,0.0686475441392,0.0691266396616,0.0695372929666,0.0696399562928,0.0697768407278,0.0697083985103,0.068818649683,0.0683053330518,0.0692977452054,0.0689213130092,0.0681342275081,0.067484026442,0.067347142007,0.0677577953119,0.0677577953119,0.0679289008556,0.0678604586381,0.0689555341179,0.0677920164207,0.0675182475507,0.0681342275081,0.0683053330518,0.0678946797469,0.0676209108769,0.0674155842245,0.0680657852906,0.0676209108769,0.0667996042671,0.066012518766,0.066149403201,0.0664916142884,0.0671760364633,0.0669364887021,0.0663547298534,0.0662520665272,0.0663547298534,0.0672786997895,0.0671075942458,0.0683053330518,0.0674498053332,0.0676209108769,0.0666284987234,0.0667996042671,0.0666627198321,0.0670391520283,0.0659098554398,0.0659440765485,0.0664231720709,0.0667311620496,0.0681342275081,0.0675182475507,0.0681000063993,0.0690239763354,0.0694688507491,0.0678946797469,0.0678604586381,0.067347142007,0.0676893530944,0.0660809609835,0.0650885488299,0.0656018654611,0.0654649810261,0.0651912121562,0.0658071921135,0.0676893530944,0.0683053330518,0.0686475441392,0.0683737752693,0.0697083985103,0.0697768407278,0.0694688507491,0.0685791019218,0.0675182475507,0.0663889509622,0.0652596543736,0.0637197044802,0.0632748300665,0.0618717646081,0.0615979957381,0.0615295535206,0.0612215635419,0.0610504579982,0.0619744279343,0.0613584479769,0.0621797545867,0.0629668400878,0.0632406089578,0.0641303577851,0.0638565889152,0.0628983978704,0.063206387849,0.0646094533075,0.0638908100239,0.0644725688725,0.0641645788939,0.0640619155676,0.0642330211113,0.0647121166338,0.0658071921135,0.0664231720709,0.0662520665272,0.0649858855037,0.0657729710048,0.0664573931797,0.0665600565059,0.0663205087447,0.0658414132223,0.0648832221775,0.0634117145015,0.0639250311327,0.0639592522414,0.0649858855037,0.0639934733501,0.0627957345441,0.0623508601305,0.0621797545867,0.0627615134354,0.0634117145015,0.0642672422201,0.0646436744163,0.0644041266551,0.0641988000026,0.0651912121562,0.0658414132223,0.0650201066124,0.0653965388086,0.06481477996,0.0646094533075,0.0639592522414,0.0639592522414,0.063206387849,0.0639250311327,0.063343272284,0.0621113123693,0.0625904078917,0.0635485989365,0.0640276944589,0.064677895525,0.0652254332649,0.0652596543736,0.0654649810261,0.06454101109,0.0650201066124,0.0659098554398,0.0664573931797,0.0661151820922,0.0660467398747,0.0658071921135,0.0647463377425,0.0657045287873,0.0658414132223,0.0653623176999,0.0645067899813,0.0651227699387,0.0652254332649,0.0647805588512,0.0655676443523,0.0649174432862,0.0657045287873,0.0643356844376,0.0639592522414,0.0646436744163,0.0652596543736,0.0650201066124,0.0646436744163,0.0644041266551,0.0630352823053,0.0628641767616,0.0627957345441,0.062145533478,0.0625561867829,0.0627615134354,0.0626588501091,0.0627272923266,0.0632748300665,0.0630695034141,0.0628983978704,0.0637881466977,0.0635485989365,0.0637881466977,0.0646094533075,0.0643356844376,0.0648490010687,0.0647121166338,0.0651227699387,0.0650885488299,0.0653623176999,0.0647463377425,0.0654992021348,0.065875634331,0.0653623176999,0.0654649810261,0.0647121166338,0.06481477996,0.0648832221775,0.0661836243097,0.0673813631157,0.0674498053332,0.0667653831584,0.0665942776146,0.067347142007,0.0670391520283,0.0674498053332,0.0686133230305,0.0686475441392,0.0675524686595,0.067210257572,0.0683053330518,0.0692635240966,0.0697083985103,0.068544880813,0.068544880813,0.0681342275081,0.0667311620496,0.0669364887021,0.0676551319857,0.0670049309196,0.0657729710048,0.0652596543736,0.0655676443523,0.0664916142884,0.0674155842245,0.0678604586381,0.0679973430731,0.0669022675933,0.0675524686595,0.0685791019218,0.0699137251627,0.0717958861436,0.0714536750562,0.0724803083185,0.0740887004294,0.075217997018,0.076415735824,0.0784005601311,0.0787427712185,0.0787427712185,0.0793929722847,0.0790507611972,0.0805907110907,0.0815146810268,0.080419605547,0.0810355855043,0.0819937765492,0.082951967594,0.0832941786814,0.0849025707924,0.0857923196197,0.0851763396623,0.085484329641,0.0853132240973,0.0865794051208,0.0869900584257,0.0862371940333,0.0854158874235,0.0856554351847,0.0851421185536,0.0850736763361,0.0861345307071,0.0866478473383,0.0874007117306,0.0872980484044,0.0874007117306,0.0877087017093,0.0883589027754,0.0898988526689,0.0904463904088,0.0900015159951,0.0901384004301,0.0896250837989,0.087879807253,0.0875033750568,0.0877429228181,0.0884957872104,0.0888722194066,0.0874007117306,0.0872296061869,0.0871953850782,0.0870585006432,0.0874691539481,0.0888722194066,0.0890091038416,0.088153576123,0.0889064405153,0.0878455861443,0.088153576123,0.0878113650355,0.0877087017093,0.0871269428607,0.0869216162082,0.086955837317,0.0867505106645,0.0875375961656,0.0874007117306,0.0883589027754,0.0878455861443,0.0875375961656,0.0877771439268,0.0885300083192,0.0880509127967,0.0867505106645,0.0862714151421,0.086545184012,0.0861003095984,0.0861003095984,0.0868531739907,0.0878113650355,0.0874007117306,0.0874007117306,0.0877429228181,0.0875033750568,0.0879140283618,0.0874691539481,0.0861687518159,0.0860318673809,0.085347445206,0.0838759375301,0.0840812641825,0.0841154852913,0.0843550330525,0.0857238774022,0.0862371940333,0.0859634251634,0.0874007117306,0.0874691539481,0.0875033750568,0.0881877972317,0.0880851339055,0.0884615661017,0.0883931238842,0.0876744806006,0.0874349328394,0.0879482494705,0.0883246816667,0.0870585006432,0.0874691539481,0.0874349328394,0.0874349328394,0.0864425206858,0.0866478473383,0.0868873950995,0.0885984505366,0.0891802093853,0.0887695560804,0.0906517170612,0.0915756869973,0.0926365413684,0.0935262901957,0.0936973957394,0.0939369435006,0.0951004611979,0.0939027223919,0.0937316168481,0.0936289535219,0.0926023202596,0.0922943302809,0.0930129735645,0.0930129735645,0.0941080490443,0.094552923458,0.0944844812405,0.0951346823066,0.0950320189804,0.0944502601318,0.0959559889165,0.0956479989378,0.0955795567203,0.0952715667416,0.0945871445667,0.0933209635432,0.0935947324132,0.0926023202596,0.0929103102383,0.0947582501104,0.0938342801744,0.0947924712192,0.0940738279356,0.0941764912618,0.0952373456329,0.0971879488312,0.0977697076799,0.0987621198334,0.100267848618,0.100233627509,0.101328702989,0.10184201962,0.102492220686,0.103587296166,0.103655738384,0.103245085079,0.102594884013,0.103005537318,0.100952270793,0.100781165249,0.100302069727,0.0993096575733,0.0999256375307,0.100473175271,0.101328702989,0.102252672925,0.102902873991,0.102971316209,0.103518853949,0.104134833906,0.103997949471,0.10540101493,0.104785034972,0.105058803842,0.105743226017,0.105058803842,0.105435236038,0.105195688277,0.106051215996,0.106427648192,0.107283175911,0.107283175911,0.106838301497,0.106085437105,0.1056747838,0.106598753736,0.106051215996,0.10755694478,0.109131115783,0.109028452456,0.108891568021,0.109199558,0.110602623459,0.112074131135,0.111868804482,0.111903025591,0.113032322179,0.112826995527,