# R script for Peak Model
#  -- generated by MACS
p <- c(0.0395861467559,0.045890685653,0.0527038260074,0.0594321994523,0.0662665315341,0.0659274638959,0.0665738115812,0.0663618943073,0.0669976461289,0.0662241480793,0.0663089149889,0.0667009619455,0.0666691743544,0.0666055991723,0.0659274638959,0.0657685259405,0.0657261424858,0.0658003135316,0.0658850804411,0.065821505259,0.0667327495366,0.0661181894424,0.0658638887138,0.0662665315341,0.0665526198538,0.0664890446716,0.0667751329913,0.0662665315341,0.0667221536729,0.0669658585378,0.0655883962578,0.0659168680322,0.0659380597596,0.065959251487,0.0662559356704,0.0662771273978,0.0660334225328,0.0665950033086,0.0657367383495,0.0657579300768,0.0665632157175,0.0668704957646,0.0671353923569,0.0665526198538,0.0666055991723,0.0662665315341,0.0659910390781,0.065683759031,0.0656413755762,0.0652917120744,0.0653340955291,0.0653340955291,0.0655566086667,0.0654506500297,0.0653340955291,0.0658850804411,0.0664996405353,0.0669870502652,0.0667751329913,0.0670082419926,0.0667115578092,0.0664254694895,0.0664042777621,0.0666055991723,0.0668810916283,0.0663830860347,0.0661393811698,0.06516456171,0.0652387327559,0.0652493286196,0.0651009865279,0.0649526444362,0.0644334471152,0.0643804677968,0.063924845658,0.0643698719331,0.0643804677968,0.0653234996654,0.0651963493011,0.0655354169393,0.0658321011227,0.0655989921214,0.0659168680322,0.0659804432144,0.0660016349418,0.0655354169393,0.0652387327559,0.0651221782553,0.0655672045304,0.0655248210756,0.0658003135316,0.0665844074449,0.0666585784907,0.0665208322627,0.0667221536729,0.0672307551301,0.0676863772689,0.0674850558587,0.0674638641314,0.0669764544015,0.0662135522156,0.0657473342131,0.065270520347,0.0658744845775,0.0657261424858,0.0656519714399,0.0651221782553,0.0653870748476,0.0653446913928,0.0655354169393,0.0660652101239,0.0666373867633,0.066372490171,0.0659168680322,0.0658638887138,0.0659698473507,0.0659910390781,0.0656413755762,0.0658532928501,0.0658850804411,0.0657897176679,0.0659168680322,0.0663512984436,0.0664890446716,0.0666055991723,0.0665632157175,0.0668281123098,0.0667963247187,0.0668069205824,0.0669764544015,0.0665314281264,0.0661499770335,0.0664890446716,0.0661287853061,0.0659910390781,0.0661499770335,0.0662135522156,0.0658744845775,0.0658003135316,0.0652811162107,0.0660122308055,0.0659380597596,0.0653129038017,0.0655672045304,0.0658003135316,0.0656413755762,0.0655989921214,0.0662877232615,0.0665632157175,0.0665844074449,0.0663301067162,0.0658532928501,0.0662453398067,0.0659486556233,0.065821505259,0.0662877232615,0.0656201838488,0.0650903906642,0.0644970222974,0.0650056237547,0.0647619188897,0.0651857534374,0.0650480072094,0.0646983437076,0.0650480072094,0.0642957008872,0.0645605974796,0.0649738361636,0.0651963493011,0.0650903906642,0.0652917120744,0.0651009865279,0.06516456171,0.0657579300768,0.065270520347,0.0653129038017,0.0656943548947,0.0652387327559,0.0651433699827,0.064857281663,0.0646347685254,0.0650162196183,0.0650162196183,0.0649102609814,0.0649208568451,0.0651857534374,0.0650691989368,0.0656201838488,0.0659380597596,0.0660016349418,0.0662983191252,0.0660758059876,0.0660864018513,0.0663830860347,0.0667009619455,0.0665738115812,0.0666903660818,0.0665420239901,0.0667539412639,0.0673579054944,0.0673790972218,0.0671353923569,0.0673155220397,0.067061221311,0.066510236399,0.0662665315341,0.0664996405353,0.0669658585378,0.0663512984436,0.0662877232615,0.0661711687609,0.0661711687609,0.0662983191252,0.0660228266692,0.0665844074449,0.0666373867633,0.0667751329913,0.0666373867633,0.0668810916283,0.0666055991723,0.0668810916283,0.0671036047658,0.0668069205824,0.0673261179034,0.0671459882206,0.0673155220397,0.0674002889492,0.0671353923569,0.0667963247187,0.0672413509938,0.0673261179034,0.0676333979504,0.0682373621809,0.0682903414994,0.0682161704535,0.0684174918637,0.0677287607237,0.0675698227683,0.067855911088,0.067336713767,0.0671353923569,0.0673685013581,0.0666055991723,0.0663512984436,0.0663830860347,0.0660440183965,0.066510236399,0.0670718171747,0.0672307551301,0.067304926176,0.0666585784907,0.0664890446716,0.0668704957646,0.0673261179034,0.0675910144957,0.067993657316,0.0675486310409,0.0671247964932,0.0669658585378,0.0673261179034,0.0676439938141,0.0676863772689,0.0677923359058,0.0672731385849,0.067061221311,0.0672519468575,0.0675062475861,0.0676863772689,0.0679300821338,0.0676439938141,0.0678135276332,0.068131403544,0.0683751084089,0.0689790726394,0.0695300575514,0.0690850312763,0.0697101872342,0.0697313789616,0.0695618451425,0.069752570689,0.070165809373,0.0700810424635,0.0699221045081,0.0695300575514,0.0691486064585,0.069477078233,0.0695406534151,0.069508865824,0.0694029071871,0.0699115086444,0.0702717680099,0.0705896439207,0.0704942811475,0.0706956025576,0.0710770536506,0.0712465874696,0.0707803694672,0.0713949295613,0.0727829877051,0.0732809932986,0.0735035064362,0.0743193879405,0.0762902185874,0.0784305830533,0.0805497557918,0.0833152762156,0.0859642421388,0.088199969378,0.0898953075688,0.0921098430806,0.0944409330929,0.0957548201908,0.0965283182404,0.0975031377001,0.0975243294275,0.0971852617894,0.0980011432937,0.0977786301561,0.0979799515663,0.0976514797918,0.0975985004734,0.0985097447509,0.0984779571599,0.0983402109319,0.098541532342,0.0989653668897,0.0980753143395,0.0989017917076,0.0986474909789,0.0983825943866,0.0975137335638,0.096750831378,0.0968991734697,0.0974925418364,0.0980223350211,0.0984143819777,0.0990395379356,0.0987216620248,0.0994845642107,0.100205082942,0.101211689993,0.101508374176,0.102419618454,0.102091146679,0.102504385363,0.102504385363,0.102472597772,0.102758686092,0.10240902259,0.102398426726,0.103065966139,0.103118945457,0.102334851544,0.102133530134,0.10200637977,0.102514981227,0.102514981227,0.103065966139,0.103002390957,0.102663323318,0.101794462496,0.101042156173,0.10163552454,0.101550757631,0.101911016996,0.101158710674,0.101285861038,0.100851430627,0.101126923083,0.101614332813,0.10240902259,0.10309775373,0.102938815774,0.103002390957,0.101911016996,0.101338840357,0.101561353494,0.100904409945,0.100840834763,0.100936197537,0.100427596079,0.100650109217,0.100374616761,0.100766663717,0.101497778312,0.102790473683,0.102631535727,0.102832857138,0.102419618454,0.101995783906,0.102758686092,0.102938815774,0.102684515046,0.102578556409,0.102313659817,0.101974592178,0.102133530134,0.102589152273,0.102536172954,0.102589152273,0.10212293427,0.102419618454,0.103224904094,0.102430214317,0.103065966139,0.102907028183,0.103129541321,0.103828868325,0.104443428419,0.104210319418,0.104305682191,0.103903039371,0.103108349594,0.104528195328,0.10398780628,0.10467653742,0.104411640828,0.102822261274,0.102705706773,0.103065966139,0.103065966139,0.103235499958,0.104008998007,0.103203712367,0.103574567596,0.102758686092,0.103150733048,0.104729516739,0.104793091921,0.104824879512,0.105354672696,0.105693740335,0.105428843742,0.105979828654,0.105873870017,0.105704336198,0.105704336198,0.105386460287,0.106064595564,0.106223533519,0.105619569289,0.105344076833,0.105291097514,0.104665941556,0.104750708466,0.105068584377,0.105895061745,0.105577185834,0.105216926468,0.105344076833,0.105312289242,0.105354672696,0.105640761016,0.106371875611,0.10634008802,0.10682749775,0.105619569289,0.105301693378,0.105693740335,0.105842082426,0.105661952744,0.105810294835,0.105503014788,0.105630165152,0.105683144471,0.105640761016,0.105598377561,0.106488430112,0.106276512838,0.106297704565,0.106520217703,0.106509621839,0.107007627432,0.106806306022,0.107590399936,0.107982446892,0.108554623532,0.108459260758,0.108544027668,0.107908275846,0.108438069031,0.108459260758,0.108300322803,0.107812913073,0.107834104801,0.107102990206,0.107378482662,0.107600995799,0.107484441299,0.107865892392,0.108130788984,0.108787732533,0.109105608444,0.110631412815,0.110536050042,0.111182397727,0.111924108186,0.112453901371,0.112528072416,0.113619446377,0.114753203792,0.114657841019,0.115526701841,0.11646973371,0.116406158528,0.116787609621,0.116946547576,0.116925355849,0.117773024944,