# R script for Peak Model
#  -- generated by MACS
p <- c(0.0269301043742,0.0312526204578,0.035975302751,0.0406330932264,0.0452548326919,0.0453197245097,0.0456694193055,0.0456549989015,0.0453738010245,0.0458424641529,0.0457739672341,0.0458965406677,0.0457739672341,0.0457271009213,0.045813623345,0.0460587702121,0.0459686426874,0.046091216121,0.0460046936973,0.0458965406677,0.0463255476851,0.0465887200572,0.0466860577839,0.0465959302592,0.0466968730868,0.0464192803108,0.0464264905128,0.0464156752098,0.0465779047542,0.0464517262197,0.0463039170792,0.0461561079387,0.0461813436457,0.0462858915743,0.0461633181407,0.046354388493,0.0467185036927,0.0466139557641,0.0465238282394,0.0468374720253,0.0468843383382,0.0470898290944,0.0469600454589,0.0470970392964,0.0471186699023,0.0472232178309,0.0470213321757,0.0470321474786,0.0470573831855,0.0468518924293,0.0468699179342,0.0467617649046,0.046646401673,0.0466211659661,0.0466031404612,0.0465166180375,0.0465490639463,0.0465634843503,0.046639191471,0.0465202231384,0.0463399680891,0.0463940446039,0.0465490639463,0.0467257138947,0.0468554975303,0.0468915485401,0.0466932679858,0.0469420199539,0.0470826188924,0.0472412433359,0.0475080208089,0.0475584922228,0.0476990911613,0.047500810607,0.0473746320724,0.0476089636366,0.0479514482304,0.0477892186859,0.0479298176244,0.0479298176244,0.0480812318659,0.0481028624718,0.0481353083807,0.0482074104004,0.0482074104004,0.0481893848955,0.0484056909547,0.0485895511051,0.0483984807528,0.0484056909547,0.0483480093389,0.0483083532281,0.0484273215607,0.0484381368636,0.0487517806495,0.0485066337824,0.048337194036,0.0482542767133,0.0485390796913,0.0485931562061,0.0486724684278,0.0485426847922,0.048329983834,0.0482542767133,0.0480199451491,0.0479406329274,0.047763982979,0.0476630401514,0.0473962626783,0.0474647595971,0.0473385810625,0.0476233840405,0.0474539442941,0.0477171166662,0.0479153972205,0.0480740216639,0.0482578818143,0.0484922133784,0.0486724684278,0.0484886082774,0.0486580480238,0.04860757661,0.0489176152949,0.0486400225189,0.048603971509,0.04860757661,0.048903194891,0.0489861122137,0.0489608765068,0.0490654244354,0.0489789020117,0.0489969275166,0.0487373602456,0.0489933224156,0.0490726346374,0.0490834499403,0.0490005326176,0.0488563285781,0.0490437938295,0.0493069662015,0.0496170048864,0.0496242150884,0.0498477313496,0.0498982027634,0.0500351966009,0.0501685853375,0.0500892731157,0.050298368973,0.0501794006404,0.0501505598325,0.0500496170049,0.0502190567513,0.0506120127589,0.0508211086161,0.0507345861924,0.0507994780102,0.0508030831112,0.0509508922517,0.0510302044734,0.0511131217961,0.0513871094711,0.0513150074514,0.0512176697247,0.0511780136139,0.0513258227543,0.0515889951264,0.0519675307301,0.051978346033,0.0521297602745,0.0522307031021,0.0520901041636,0.0524758499693,0.0527173917354,0.0529481181986,0.0530670865311,0.0532004752677,0.0530562712282,0.0528579906739,0.053106742642,0.0534384119328,0.0537412404157,0.0537917118296,0.0537051894059,0.0537772914256,0.0540404637977,0.053957546475,0.0539359158691,0.0541666423322,0.0543108463717,0.0543180565737,0.0540368586967,0.0540008076868,0.0542531647559,0.0543541075836,0.0545704136428,0.0548732421257,0.0552337522244,0.0557024153528,0.0556735745449,0.0557492816656,0.0561674733801,0.0563729641364,0.0564198304492,0.0566938181242,0.056755104841,0.0569461751933,0.0570110670111,0.0568308119618,0.0570146721121,0.0570903792328,0.057039907819,0.0575229913513,0.0575770678661,0.0573896026148,0.0570651435259,0.0567406844371,0.0566505569124,0.0568776782746,0.0567803405479,0.0569209394864,0.0571660863536,0.0569605955973,0.0571985322624,0.057313895494,0.0573823924128,0.0577717433194,0.0579123422579,0.0578222147332,0.0579952595806,0.0577789535214,0.0574508893315,0.0574148383217,0.0572958699891,0.0572490036763,0.0573427363019,0.057310290393,0.0575193862503,0.0576383545829,0.0575482270582,0.057887106551,0.0581070177112,0.0583737951843,0.0584134512951,0.0583629798813,0.0585324196277,0.0587054644751,0.0589181654333,0.0590695796748,0.0591488918965,0.0589289807363,0.0589614266452,0.0587054644751,0.0589434011402,0.0593651979557,0.0594733509853,0.0598122304781,0.059844676387,0.0596139499238,0.0599492243157,0.0600357467393,0.0600609824463,0.0602628681015,0.0601547150719,0.0600213263354,0.0598338610841,0.0594553254804,0.0592029684113,0.0591524969975,0.0588965348274,0.0591957582093,0.0593327520469,0.0591524969975,0.0589758470491,0.0591416816945,0.0594228795715,0.0595346377021,0.0596788417416,0.0599780651236,0.060122269163,0.0600105110324,0.0598843324979,0.0598374661851,0.060122269163,0.0599600396186,0.0600934283551,0.0604719639588,0.0606125628973,0.0604791741608,0.0606450088062,0.0604575435548,0.0606594292101,0.0612434555701,0.0613191626908,0.0617986411221,0.0616616472846,0.0615030228411,0.0614597616293,0.0617481697083,0.061805851324,0.0624223235929,0.0628297000044,0.0631108978814,0.0633993059604,0.0634750130811,0.0640950904509,0.0644772311555,0.0652667482717,0.0657678573089,0.0663915397797,0.0665609795261,0.0667628651814,0.0667412345755,0.0673360762384,0.0676677455292,0.0678984719924,0.0684500524434,0.0684067912316,0.0687528809263,0.0689583716826,0.0694883215277,0.0698848826363,0.0704797242992,0.0706924252574,0.0711466679818,0.0710240945482,0.0707861578831,0.0710421200532,0.071373789344,0.071654987221,0.0717451147457,0.0718893187852,0.0718244269674,0.0720407330266,0.0722606441868,0.0729167725665,0.0735656907442,0.0737603661975,0.0740487742765,0.0743732333653,0.0746544312423,0.0749933107351,0.0749644699272,0.0749176036144,0.0748635270996,0.0751050688657,0.0749067883114,0.0752384576022,0.0751266994716,0.0750762280578,0.0754763942674,0.0755629166911,0.0764858225438,0.0771275305195,0.0776719007686,0.0779242578377,0.0781838251088,0.0782667424315,0.0788327432865,0.079254540102,0.0792148839911,0.0797304134323,0.0795753940898,0.0800116113093,0.0803504908021,0.0805523764573,0.081197689534,0.0817961362979,0.0819799964483,0.0824234238697,0.0825135513944,0.0826433350299,0.0830651318454,0.0830651318454,0.0832453868948,0.0838654642645,0.0840673499198,0.08428726108,0.0847198731985,0.0848100007232,0.0858626902114,0.0861042319776,0.0864827675812,0.0868108317711,0.0871533163648,0.0872326285866,0.0879212028751,0.0884042864074,0.0888837648387,0.0895723391272,0.0895254728144,0.0901311297802,0.0909891438152,0.0914469916406,0.0919697312837,0.092734012693,0.093018815671,0.0937254154645,0.0945077223787,0.0950881436376,0.095531571059,0.0958524250469,0.0964328463058,0.0974206439763,0.0977378928632,0.0981705049816,0.0985778813932,0.0987905823514,0.0989888629057,0.0994935770439,0.100459744108,0.10177921107,0.102031568139,0.102424524146,0.103304168787,0.103963902268,0.10470294797,0.105535726298,0.106004389427,0.106682148412,0.107158021743,0.107208493156,0.108181870423,0.108708215167,0.10959507001,0.110153860663,0.111285862373,0.11189512444,0.112781979283,0.113456133167,0.114728733816,0.115846315122,0.116895399509,0.117984140007,0.118824128537,0.11981913641,0.120255353629,0.121481087965,0.122548197857,0.122977204874,0.123453078205,0.124217359614,0.124765334964,0.125706266322,0.126658012982,0.128042371761,0.129069825543,0.129585354984,0.130461394524,0.131997167544,0.132768659156,0.134023234299,0.135187681918,0.136308868325,0.137556233266,0.138187125939,0.139618351031,0.140757562943,0.142444750205,0.143767822267,0.145512691145,0.146792501996,0.147888452696,0.149197104354,0.14991091435,0.151421451663,0.152766154331,0.154503813007,0.155643024919,0.157121116324,0.158418952679,0.160185452163,0.161616677255,0.163105583963,0.165099204808,0.166584506415,0.16773453363,0.169079236298,0.170813289873,0.172183228248,0.173859600207,0.175352112016,0.177161872712,0.179000474215,0.180511011529,0.182039574347,0.184144953324,0.186387326138,0.187591429867,0.189224540615,0.190973014593,0.192205959131,0.193723706647,0.194985491992,0.196240067136,0.198554541969,0.199881219133,0.200695971956,0.202163248058,0.204380385165,0.206071177528,0.208176556504,0.209993527402,0.212026804358,0.214240336365,0.215628300245,