# R script for Peak Model
#  -- generated by MACS
p <- c(0.0287560963025,0.0334843634899,0.0381875337178,0.0429057621214,0.0476365390048,0.0476089323492,0.0476390487008,0.047561248126,0.0476039129573,0.047378040321,0.0473855694089,0.0475813256937,0.0475888547816,0.0478548825533,0.0478950376886,0.0479075861684,0.0480933036694,0.0480631873179,0.0484095253603,0.0487056694835,0.048733276139,0.0484747774552,0.0486504561724,0.0484672483673,0.0487257470512,0.0487307664431,0.0485751652936,0.0486253592128,0.0482212981633,0.0480481291421,0.0481209103249,0.0483191763057,0.0483342344815,0.0484095253603,0.048243885427,0.0485048938067,0.0487031597875,0.0486379076926,0.0488687997208,0.0488437027612,0.0489440905996,0.049227686243,0.0491875311077,0.0491247887087,0.0493230546895,0.0491975698915,0.0492000795875,0.0495941018531,0.0496392763804,0.0498275035773,0.0497045284753,0.0495941018531,0.0496417860763,0.0497120575632,0.0496242182046,0.0497020187794,0.049724606043,0.0494359910077,0.0493908164804,0.0492778801622,0.0493857970885,0.0493883067844,0.0496041406369,0.0497747999622,0.0497697805703,0.0498149550975,0.0496392763804,0.0495514370218,0.0497195866511,0.0498952653682,0.0497622514824,0.0495112818864,0.0495313594541,0.0494912043188,0.0496493151642,0.0495163012784,0.0497497030026,0.050153764052,0.050158783444,0.0503545397288,0.0507611104742,0.051079841861,0.050833891657,0.0510246285499,0.0511225066924,0.0513533987206,0.0512605399701,0.0510095703742,0.0509945121984,0.0511325454762,0.0509066728398,0.0508865952722,0.0510497255095,0.0508389110489,0.050959376455,0.0508840855762,0.0509995315903,0.0512956757136,0.0513157532812,0.0509945121984,0.0509894928065,0.0510045509823,0.0511877587873,0.0512630496661,0.0512530108822,0.051456296255,0.0515491550054,0.0516194264923,0.051636994364,0.0518628670004,0.0521364238599,0.0521238753801,0.0520059196701,0.0520159584539,0.0519783130145,0.0521841080832,0.052382374064,0.052194146867,0.0523597868003,0.0523873934559,0.0523597868003,0.0526509115316,0.0527161636266,0.0529094102154,0.053182967075,0.052748789674,0.052691066667,0.0530700307568,0.0532005349467,0.0535092275497,0.0535619311649,0.0535368342053,0.0537601971457,0.0535970669083,0.053303432481,0.0535217760295,0.0537827844093,0.0536397317396,0.05386309468,0.0536196541719,0.0538480365042,0.0537501583618,0.0536372220436,0.0539810503901,0.0541040254921,0.05447797019,0.0544102083991,0.0546712167789,0.0546411004274,0.0549899481657,0.0549824190779,0.0551631171869,0.0552760535051,0.0551505687071,0.0553739316475,0.0551129232678,0.0552057820182,0.0550100257334,0.0547364688738,0.0546235325557,0.0549171669829,0.0550777875243,0.0555445909728,0.0557830120889,0.0557579151293,0.0560766465162,0.0561318598273,0.0563276161121,0.0564857269575,0.0566262699313,0.0565635275323,0.0566965414181,0.0565283917888,0.0566538765868,0.0564430621262,0.056520862701,0.0566789735464,0.0566287796272,0.05695002071,0.0570002146292,0.0571307188191,0.0570830345959,0.0570529182443,0.0571658545625,0.0575975222675,0.057627638619,0.057690381018,0.0581396165948,0.0583554504473,0.0584056443664,0.0584257219341,0.0586114394351,0.0586691624422,0.0589351902139,0.0590255392684,0.0593768967027,0.0594597166694,0.0594170518381,0.0592664700805,0.059299096128,0.0594797942371,0.0593869354866,0.0595550851158,0.059482303933,0.0594145421421,0.0595074008926,0.0595726529876,0.0597884868401,0.0599039328542,0.0602653290723,0.0601724703218,0.0604535562693,0.0605915895471,0.0606267252905,0.0608651464066,0.0609278888056,0.0612491298884,0.0610960384349,0.0613771243823,0.0612541492803,0.0614800219167,0.061954354453,0.0621827367853,0.0625441330034,0.0627825541196,0.0627725153357,0.0629632522287,0.0632292800004,0.0632819836155,0.0637839228074,0.0638115294629,0.0637086319286,0.0638918397336,0.0638014906791,0.0639119173013,0.0639068979094,0.0638140391589,0.0639269754771,0.06411771237,0.0642607650397,0.0645794964265,0.0645569091629,0.064549380075,0.0646347097376,0.0647024715285,0.06498104778,0.065287230687,0.0654277736608,0.0655482390668,0.065535690587,0.0654804772759,0.0659372419405,0.0663312642061,0.0666700731606,0.0668833973172,0.0671193087374,0.0669662172839,0.0673803171172,0.0674857243474,0.0675434473545,0.0678973144848,0.0680604447221,0.068313924014,0.0686100681372,0.0689413480039,0.0692123951675,0.0695587332099,0.0696440628725,0.0698799742927,0.0702714868623,0.0703944619644,0.0706328830805,0.0704873207148,0.070660489736,0.0706479412562,0.0709265175077,0.0710720798734,0.0711774871037,0.0716819359915,0.0719178474117,0.0722265400147,0.0725302132258,0.0731877535671,0.0735391110014,0.0737423963742,0.07387541026,0.074244335566,0.0747864298932,0.0747814105013,0.0750348897932,0.0753335436124,0.0754063247952,0.0754941641538,0.0756773719588,0.076533178281,0.0772183252779,0.0776474832869,0.0777729680849,0.0784731732576,0.0790278160646,0.0795372843443,0.0800065974887,0.0807494674927,0.0816830743896,0.081964160337,0.0824309637855,0.0831838725733,0.0841174794702,0.0846018507903,0.0851564935974,0.0857613303236,0.0864038124892,0.0868655965457,0.087096488574,0.0877941840507,0.0878192810103,0.0882258517557,0.0885194861829,0.0886550097647,0.0889887993273,0.0893276082818,0.0897592759868,0.0900052261909,0.0903013703141,0.0903415254494,0.0908986779524,0.0911571766362,0.0913454038332,0.0920280411341,0.0921434871482,0.0920857641412,0.0922288168109,0.0924095149199,0.0925651160694,0.0930444679977,0.0936191883724,0.093767260434,0.0940935209087,0.0946807897632,0.0952655489217,0.0959933607499,0.0963396987923,0.0966785077468,0.0974791007579,0.0974916492377,0.0977978321447,0.0984629015739,0.09883182688,0.0989397438062,0.0993663921193,0.0997252786415,0.100488226213,0.101296348312,0.101677822098,0.102709307137,0.103100819707,0.103389434742,0.103974193901,0.104315512551,0.104581540323,0.105276726104,0.105339468503,0.105535224787,0.105597967186,0.105929247053,0.106290643271,0.106900499389,0.10747772946,0.10796210078,0.108662305953,0.108805358623,0.109603441938,0.110193220488,0.111018910459,0.1114279909,0.111894794348,0.112369126885,0.112850988509,0.113267598038,0.113857376589,0.1146579696,0.114843687101,0.115405858996,0.11586262366,0.116311859237,0.116911676571,0.117370950932,0.117667095055,0.118239305734,0.118457649282,0.118982175738,0.119712497262,0.12009899044,0.120538187233,0.120749001693,0.121363877203,0.121790525516,0.122470653121,0.122962553529,0.123715462317,0.124197323941,0.124822238235,0.125582676111,0.126262803716,0.127118610038,0.127801247339,0.128584272478,0.128960726872,0.129527918159,0.129944527688,0.13083797945,0.131498029487,0.131929697192,0.132777974426,0.133488218383,0.133995176967,0.134444412543,0.135317786737,0.136080734309,0.136773410394,0.136690590427,0.13740334408,0.137872657224,0.138562823613,0.138934258615,0.139887943079,0.140397411359,0.14081904028,0.141228120722,0.142051300996,0.143082786036,0.143574686444,0.144550958172,0.144591113307,0.145431861454,0.145748083144,0.146817213623,0.148292914847,0.149186366609,0.149901629957,0.150887940469,0.151861702501,0.15272001852,0.154040118594,0.154898434612,0.155598639785,0.15626621891,0.156313903133,0.157287665166,0.157995399426,0.158268956286,0.158366834428,0.159009316594,0.159541372137,0.160507605081,0.161323256268,0.16157673556,0.162231766206,0.162854170803,0.163396265131,0.164121567263,0.165366376459,0.16601136832,0.167012737008,0.167725490661,0.168656587862,0.169913945537,0.171028250543,0.171981935008,0.17294314856,0.173914400896,0.174516727927,0.175189326444,0.175518096614,0.175578329317,0.176414058072,0.177407897672,0.178010224702,0.178431853623,0.179425693223,0.180231305626,0.181149854347,0.182075932156,0.182863976688,0.183890442335,0.18468852565,0.184982160077,0.185649739202,0.186618481843,0.187050149548,0.187770432288,0.188156925466,0.18891234395,0.189637646082,0.190543646323,0.190764499568,0.191231303016,0.192124754778,0.192782295119,0.193763586239,0.194396029621,0.195307049254,0.195851653277,0.196659775376,0.197683731328,0.198298606838,0.198923521132,0.199214645863,0.199493222114,0.19974419171,