# R script for Peak Model
#  -- generated by MACS
p <- c(0.0256988591745,0.0299820023702,0.0345716316623,0.0388317884008,0.0429310399387,0.0425709187756,0.0426475402997,0.0427624725858,0.0425709187756,0.0424483243371,0.0424942972515,0.042540270166,0.0424406621847,0.0423870271178,0.0425479323184,0.0426322159949,0.0426628646045,0.0423870271178,0.0426628646045,0.0426858510617,0.0427241618237,0.042823769805,0.0426322159949,0.0431225937489,0.0432222017302,0.0435286878265,0.0436282958078,0.0441033492571,0.0439807548186,0.0443715245913,0.0444481461154,0.0444098353534,0.0445477540967,0.0443102273721,0.0444098353534,0.0442872409149,0.0443945110486,0.0440880249523,0.0441339978667,0.0440037412758,0.0440343898854,0.0440880249523,0.0441646464763,0.0440497141902,0.0436282958078,0.0438811468373,0.0439194575993,0.0442182815432,0.0442489301528,0.0442489301528,0.0443255516769,0.0443332138293,0.0438504982276,0.0439424440565,0.0443178895245,0.0443562002865,0.0439730926661,0.0439194575993,0.0440190655806,0.044440483963,0.0441263357143,0.0442412680004,0.0446396999256,0.0448695644978,0.0446320377732,0.0443945110486,0.0445554162491,0.0445017811823,0.0444251596582,0.044026727733,0.0439577683613,0.0438504982276,0.0437892010084,0.0436895930271,0.0441186735619,0.0445017811823,0.0445400919443,0.0446550242304,0.0447929429737,0.0451607262893,0.0456051311289,0.0458120092439,0.045888630768,0.0460112252065,0.0459575901397,0.046095508883,0.046302386998,0.0463790085221,0.0466012109419,0.046133819645,0.0460725224258,0.0459652522921,0.0463943328269,0.046057198121,0.0464403057413,0.0464632921986,0.0463943328269,0.0459422658349,0.0455438339097,0.0458656443108,0.0458196713963,0.0462334276263,0.0461184953402,0.0459575901397,0.0455131853,0.0455514960621,0.0455438339097,0.0461874547119,0.0463713463697,0.0462794005408,0.0463636842173,0.0459499279873,0.0456894148054,0.0461414817974,0.0463177113028,0.0462870626932,0.0465245894178,0.0466012109419,0.0465245894178,0.0464939408082,0.046509265113,0.0465245894178,0.0465245894178,0.0466165352467,0.0465858866371,0.0467851025997,0.0468004269045,0.0464173192841,0.0463790085221,0.0466548460087,0.0466241973991,0.0466854946184,0.0469306834954,0.0470073050195,0.0469076970382,0.0466012109419,0.0467927647521,0.0466395217039,0.0473137911158,0.0469843185623,0.0466318595515,0.0467697782949,0.0467391296852,0.0465016029606,0.0467391296852,0.0472295074393,0.0472295074393,0.0471069130008,0.0469460078002,0.0473061289634,0.047543655688,0.0475589799928,0.0476432636693,0.0479420876132,0.0476739122789,0.0473827504874,0.0473214532682,0.0478731282415,0.0474363855543,0.0475666421452,0.0481183171186,0.0479880605276,0.0480570198993,0.0480723442041,0.0483941546052,0.0484248032149,0.0483098709287,0.0480953306613,0.0484324653673,0.0485014247389,0.0483405195384,0.0487772622256,0.0487083028539,0.0484861004341,0.04840947891,0.0485933705678,0.0487389514636,0.0493749101134,0.0495664639236,0.0496890583621,0.049819314953,0.0502867062499,0.0505625437365,0.0509303270521,0.0510835701002,0.0509379892045,0.051022272881,0.0508230569184,0.0509150027473,0.0509226648997,0.0511601916243,0.050853705528,0.0508996784424,0.0507311110895,0.0512521374532,0.0514820020254,0.0516965422928,0.0518574474934,0.0519877040843,0.0521486092849,0.0523631495523,0.0525776898197,0.0527692436299,0.0532059863171,0.0532596213839,0.0533285807556,0.0534741616513,0.0535661074802,0.0533898779749,0.05337455367,0.0533132564508,0.0532442970791,0.0530833918786,0.0530220946593,0.0530297568117,0.0530450811165,0.0528688516112,0.0530833918786,0.053504810261,0.0535967560899,0.0535967560899,0.0537040262236,0.054163755368,0.0545238765312,0.0544395928547,0.0544242685499,0.0550678893521,0.0548686733895,0.0547154303413,0.0551291865713,0.0546617952745,0.0549069841515,0.054952957066,0.0551368487237,0.0556195643254,0.0560333205554,0.0557881316784,0.0559260504217,0.0563704552613,0.0558647532025,0.0569374545395,0.0568455087106,0.0572822513978,0.0575351024273,0.0573895215315,0.0575351024273,0.0573129000075,0.0577802913043,0.0580178180289,0.0584468985638,0.0580484666386,0.0579565208097,0.0575734131893,0.0573282243123,0.057305237855,0.0574967916652,0.058056128791,0.0582400204488,0.0579565208097,0.0581863853819,0.0588683169462,0.0594583026815,0.0595349242056,0.0596192078821,0.0599027075212,0.0601708828554,0.060783855048,0.0609830710106,0.0613125435641,0.0616266918128,0.0613048814117,0.0616650025749,0.062193691091,0.0629062712649,0.0633736625617,0.0637184594201,0.0635958649815,0.0637414458773,0.0639636482971,0.064300783003,0.0647834986047,0.0647834986047,0.0648294715191,0.0648294715191,0.0644080531367,0.0642777965458,0.0644387017464,0.0642931208506,0.0648601201288,0.0650516739389,0.0653504978828,0.065296862816,0.0658178891797,0.0662393075621,0.067197076613,0.0672736981371,0.0676644679099,0.0682774401025,0.0683693859314,0.0685379532843,0.0686375612656,0.0693501414395,0.0698328570412,0.0702236268139,0.0711507472552,0.0725069482314,0.0729207044614,0.0732884877769,0.073778865531,0.0749435126969,0.075679079328,0.0764376324164,0.0771425504378,0.0780773330315,0.0782459003845,0.0784757649567,0.0800388440478,0.0804296138206,0.0810349238608,0.0805215596495,0.0816325717486,0.0823834626845,0.0825980029519,0.0825980029519,0.0827359216953,0.0825903407995,0.0823298276177,0.0832033129921,0.0837396636606,0.0845135410538,0.0842147171099,0.0839005688612,0.0840614740617,0.0844369195297,0.0848813243693,0.0855402694764,0.0853410535138,0.0853104049041,0.0851494997036,0.0852644319897,0.0858774041823,0.0864520656128,0.0867049166423,0.0871723079391,0.0879538474847,0.0884212387816,0.0889882380597,0.0899076963486,0.0907352088086,0.0916853157071,0.0922523149853,0.0927273684345,0.0933556649319,0.0937234482475,0.0937770833143,0.094842122499,0.0954704189964,0.0958075537023,0.0964741609617,0.0964818231142,0.096910903649,0.097194403288,0.0979529563764,0.0981445101866,0.0982977532347,0.0986808608551,0.099470062553,0.100144331965,0.100366534385,0.101324303436,0.101301316978,0.102305058944,0.102872058222,0.103400746738,0.104228259198,0.104312542875,0.104465785923,0.104917852915,0.105668743851,0.106228080976,0.107461687514,0.106795080255,0.107208836485,0.107852457287,0.108411794412,0.109300604092,0.109392549921,0.109576441578,0.110557197087,0.111285101565,0.111790803624,0.113009085857,0.114288665309,0.11486332674,0.115430326018,0.115943690229,0.117629363759,0.118257660256,0.118288308866,0.11858713281,0.118740375858,0.119506591098,0.119146469935,0.119805415042,0.120602278893,0.120579292435,0.12040306293,0.121797574668,0.122364573946,0.122648073585,0.123628829094,0.124686206126,0.125881501901,0.127199392115,0.12782002646,0.129260511113,0.131122414148,0.13119137352,0.132585885258,0.134830895913,0.135497503173,0.136225407651,0.13692266352,0.137390054817,0.137934067638,0.138593012745,0.138838201622,0.14029401058,0.140784388334,0.140845685553,0.141964359805,0.142470061863,0.143358871543,0.144094438174,0.145580895741,0.146370097439,0.147496433843,0.148163041102,0.14873004038,0.150055592747,0.150906091664,0.152752670394,0.153932641865,0.155235207774,0.15620830113,0.157702420849,0.158100852775,0.158606554833,0.160276904058,0.160453133564,0.161740375168,0.162177117855,0.16260619839,0.163479683765,0.164874195503,0.165464181238,0.166498571813,0.168122948123,0.16925694668,0.170965606667,0.171823767736,0.172467388538,0.174153062068,0.174926939461,0.176014965103,0.177424801146,0.17899554239,0.180290446146,0.181294188112,0.182121700572,0.183271023433,0.184811116067,0.185600317765,0.187010153808,0.187661436762,0.188128828059,0.189201529396,0.189439056121,0.190335527953,0.192358336188,0.193231821563,0.194618671148,0.196074480106,0.197269775881,0.198970773716,0.200901636122,0.202671593329,0.204510509906,0.205399319586,0.206525655989,0.207874194813,0.208923909693,0.20955220619,0.210203489145,0.210486988784,0.211643973798,0.211812541151,0.213237701498,0.214846753504,0.215237523277,0.216333211071,0.217750709266,0.218984315804,0.221030110497,0.222401635778,0.223451350657,0.224194579441,0.225228970016,