# R script for Peak Model
#  -- generated by MACS
p <- c(0.036630495684,0.0429226905948,0.0493976463536,0.0560553629604,0.0624519926415,0.0618776014049,0.0623475578712,0.0632613621114,0.0632613621114,0.0632352534188,0.0628175143376,0.0627130795673,0.0632091447262,0.0621647970232,0.06192981879,0.0621647970232,0.0609376884721,0.0603632972355,0.0611465580127,0.0611987753979,0.0614076449385,0.0616948405568,0.0613293188608,0.0616948405568,0.0614076449385,0.0617731666346,0.0617992753271,0.0623475578712,0.0630524925708,0.0634441229594,0.0633396881891,0.063287470804,0.0628436230302,0.0624781013341,0.0631047099559,0.0625303187193,0.0631047099559,0.0626608621821,0.0615904057865,0.0613032101682,0.0621909057158,0.0621909057158,0.062791405645,0.0636529925,0.0637052098852,0.0639401881184,0.0642534924293,0.0644884706624,0.063835753348,0.0647234488956,0.0638879707332,0.0637835359629,0.0635746664223,0.063470231652,0.0629219491079,0.0619820361752,0.0620342535603,0.0623475578712,0.0640707315812,0.0632091447262,0.0636529925,0.0635746664223,0.0630524925708,0.0631830360337,0.0630786012633,0.0648278836659,0.0645406880476,0.0645406880476,0.0635485577297,0.0642534924293,0.0644623619699,0.0646973402031,0.0647756662808,0.064514579355,0.0650367532065,0.0644884706624,0.0642012750441,0.064514579355,0.06537616621,0.0654022749026,0.0654022749026,0.0654544922878,0.0655328183655,0.0659244487541,0.0657416879061,0.0652195140546,0.0652456227471,0.0647234488956,0.0644884706624,0.0644884706624,0.0639401881184,0.064149057659,0.0644623619699,0.0646973402031,0.0648278836659,0.0652978401323,0.0655850357506,0.0658461226764,0.0659244487541,0.0661855356799,0.0667077095314,0.0663682965279,0.0666032747611,0.0662899704502,0.0666816008388,0.0664466226056,0.0669949051497,0.0670471225349,0.0664205139131,0.06537616621,0.0663682965279,0.0663160791428,0.0654544922878,0.0650889705917,0.0655589270581,0.0655067096729,0.0660027748318,0.0660288835244,0.0658200139838,0.0664466226056,0.0660027748318,0.0657155792135,0.0665771660685,0.0664205139131,0.0656894705209,0.066916579072,0.0663682965279,0.0658461226764,0.0660811009096,0.0657416879061,0.0648539923585,0.0654544922878,0.0646451228179,0.0648801010511,0.0646190141253,0.0636529925,0.0632091447262,0.0635485577297,0.0633396881891,0.0635224490371,0.0634180142668,0.0626869708747,0.0632352534188,0.0641229489664,0.0640707315812,0.0632091447262,0.062974166493,0.0637052098852,0.0643840358921,0.0639924055035,0.0637574272703,0.0635485577297,0.0637052098852,0.062608644797,0.0634441229594,0.0644884706624,0.0645667967402,0.0646451228179,0.0651672966694,0.0653239488249,0.0655067096729,0.0663160791428,0.0660288835244,0.0666293834537,0.0667077095314,0.0663682965279,0.066916579072,0.0663682965279,0.0658983400615,0.0661333182947,0.0667077095314,0.0668643616869,0.06709933992,0.0676476224641,0.0678826006973,0.0682481223934,0.0677259485419,0.0670471225349,0.0662638617576,0.0663160791428,0.0657155792135,0.0653239488249,0.0652978401323,0.0643840358921,0.063835753348,0.064149057659,0.0643057098144,0.0646190141253,0.0655850357506,0.0660811009096,0.0665249486834,0.0665510573759,0.0666816008388,0.0671254486126,0.0666293834537,0.0656111444432,0.0657155792135,0.06537616621,0.0647234488956,0.0643579271996,0.0640707315812,0.0635485577297,0.0636791011926,0.0633657968817,0.0633657968817,0.0640707315812,0.0641229489664,0.0644101445847,0.0646712315105,0.0647756662808,0.0646451228179,0.0651150792843,0.0650889705917,0.0651150792843,0.0652717314397,0.0644101445847,0.0650367532065,0.06537616621,0.0653239488249,0.0646973402031,0.0648539923585,0.0650889705917,0.0646712315105,0.0652978401323,0.0656372531358,0.0669687964572,0.0663160791428,0.0663160791428,0.066054992217,0.0667599269165,0.0671776659978,0.0666816008388,0.0671515573052,0.0671776659978,0.067595405079,0.0675431876938,0.0676215137716,0.0679348180825,0.0687964049375,0.069501339637,0.0687180788597,0.0700496221811,0.0702062743366,0.070362926492,0.0696318830999,0.0692141440187,0.0693446874816,0.0698929700257,0.070180165644,0.0694491222519,0.0703890351846,0.0705195786475,0.0699451874108,0.069501339637,0.070180165644,0.0703890351846,0.0707806655732,0.0700757308737,0.0692924700964,0.0692663614038,0.0695535570222,0.0690836005558,0.070362926492,0.0709634264213,0.0714072741951,0.0719294480466,0.0717989045837,0.0719816654317,0.0726604914387,0.0732871000605,0.0739659260675,0.0738875999898,0.0734698609086,0.0735220782937,0.0736526217566,0.0735481869863,0.0736526217566,0.0726604914387,0.0726866001313,0.072947687057,0.0717989045837,0.072582165361,0.0721644262798,0.0715378176579,0.0709373177287,0.0709634264213,0.0718511219688,0.072764926209,0.0733654261382,0.072947687057,0.0735481869863,0.0731304479051,0.0743314477636,0.0754802302369,0.0753235780814,0.0745925346893,0.0741486869155,0.0745142086116,0.0744619912264,0.0739659260675,0.0736526217566,0.074305339071,0.0746969694596,0.0753757954666,0.0764462518622,0.0787177081163,0.079657621049,0.0808064035224,0.0813546860665,0.0832084032394,0.0848532508716,0.0859237072673,0.0851665551825,0.0851665551825,0.085505968186,0.0854276421083,0.0857409464192,0.0857931638044,0.0861586855004,0.0867852941223,0.0872552505886,0.0873335766663,0.0886129026026,0.0876468809773,0.0882734895991,0.088090728751,0.0872552505886,0.0876729896698,0.087907967903,0.0883518156768,0.0875685548995,0.0875163375144,0.0875163375144,0.0889784242986,0.0893961633798,0.0904666197755,0.0908843588567,0.0910149023195,0.0916154022488,0.0913804240156,0.0920853587152,0.0932341411885,0.093939075888,0.0946440105876,0.0947745540505,0.095113967054,0.0965499451456,0.0962888582199,0.0957144669832,0.0955839235203,0.095296727902,0.0944090323544,0.094617901895,0.0943568149693,0.0940435106584,0.0935996628846,0.0932341411885,0.09375631504,0.0941479454287,0.0942001628138,0.0953489452871,0.0957405756758,0.0953228365946,0.0948006627431,0.0951661844391,0.095296727902,0.0957405756758,0.0952184018243,0.0950095322837,0.0953489452871,0.094617901895,0.0950617496688,0.096341075605,0.0979075971596,0.0986908579369,0.0992913578661,0.098743075322,0.100231270799,0.100988422884,0.101432270657,0.101980553201,0.101249509809,0.100570683802,0.0998396404102,0.0993957926364,0.0987691840146,0.099787423025,0.100048509951,0.100231270799,0.10054457511,0.100387922954,0.100988422884,0.100622901187,0.100805662036,0.100231270799,0.100100727336,0.100231270799,0.0998135317176,0.0997613143325,0.099604662177,0.0999179664879,0.100048509951,0.100883988113,0.100831770728,0.101771683661,0.102894357442,0.102816031364,0.103494857371,0.104121465993,0.103468748678,0.103338205215,0.104486987689,0.104330335533,0.104539205074,0.105348574544,0.10500916154,0.105949074473,0.105870748395,0.105949074473,0.107176183024,0.108298856805,0.108063878572,0.108690487193,0.109029900197,0.10835107419,0.10926487843,0.109108226275,0.10845550896,0.108298856805,0.109290987123,0.109708726204,0.1100742479,0.111196921681,0.112424030232,0.112867878006,0.112580682387,0.111927965073,0.112763443235,0.112998421468,0.112006291151,0.111771312917,0.111066378218,0.110361443518,0.110491986981,0.112110725921,0.112867878006,0.114094986557,0.114564943023,0.11594870373,0.116549203659,0.115922595037,0.116523094966,0.116731964507,0.11626200804,0.115269877723,0.115687616804,0.115896486344,0.115765942881,0.115034899489,0.115217660337,0.117619660054,0.118246268676,0.119525594612,0.119838898923,0.120569942315,0.120935464012,0.120752703163,0.121379311785,0.1213270944,0.120909355319,0.119865007616,0.120152203234,0.119734464153,0.121039898782,0.120465507545,0.121144333552,0.121901485637,0.122580311644,0.123389681114,0.123937963658,0.125400050442,0.126339963375,0.126888245919,0.126783811149,0.128350332703,0.127880376237,0.127802050159,0.12720155023,0.127775941466,0.129525223869,0.129185810865,0.129473006484,0.129629658639,0.129916854258,0.129238028251,0.12973409341,0.130412919417,0.131535593197,0.131405049734,0.131065636731,0.131170071501,0.131170071501,0.132266636589,0.132553832208,0.133676505989,0.133624288603,0.133363201678,0.133154332137,0.133650397296,