# R script for Peak Model
#  -- generated by MACS
p <- c(0.0396564311015,0.0462481640787,0.0526455027858,0.0593962856203,0.0656875910892,0.0656522466764,0.0668009400907,0.0677905836476,0.0671897286309,0.066624218027,0.0667655956779,0.066959989948,0.0676138615839,0.0669953343608,0.0669776621544,0.0671543842182,0.0664651681696,0.0661293962485,0.0656345744701,0.0655108690254,0.0650690638661,0.0648039807705,0.0646449309132,0.066058707423,0.0663237905186,0.0662177572804,0.0666418902333,0.0665888736142,0.0670306787735,0.0677375670285,0.0680026501241,0.0680203223304,0.0680203223304,0.0675078283456,0.0673311062819,0.0677198948221,0.0677198948221,0.0677729114412,0.0687802272045,0.0683384220452,0.06885091603,0.0690099658873,0.0688332438236,0.0684797996961,0.0689216048555,0.0687978994109,0.0693634100148,0.0694164266339,0.0690099658873,0.0690629825065,0.0687448827917,0.068709538379,0.0694164266339,0.0695578042849,0.0689392770618,0.068426783077,0.0679673057113,0.0674017951074,0.066624218027,0.0667479234716,0.0669246455353,0.0668716289162,0.0663768071377,0.0660410352166,0.0662884461059,0.066624218027,0.0670483509799,0.0684091108707,0.0690983269192,0.0693280656021,0.0690099658873,0.0699642650315,0.069893576206,0.070034953857,0.0699289206187,0.0699465928251,0.0696461653168,0.0687802272045,0.0686565217599,0.0688155716172,0.0690983269192,0.0686565217599,0.0685328163153,0.0690629825065,0.0690453103001,0.0695401320785,0.0689392770618,0.0691866879511,0.0691690157447,0.06885091603,0.0684974719025,0.0682500610133,0.0680203223304,0.0678259280603,0.0679849779177,0.0676138615839,0.0682500610133,0.0680910111559,0.0677022226157,0.0677375670285,0.0680910111559,0.0684621274898,0.0688862604427,0.0687625549981,0.0687978994109,0.0691690157447,0.0692220323638,0.0694340988403,0.0695224598722,0.0690629825065,0.0693103933957,0.0691866879511,0.0689569492682,0.0690806547128,0.0699289206187,0.0694164266339,0.0698228873805,0.0693810822212,0.0698052151741,0.0706358088737,0.0696638375231,0.0694517710467,0.0693634100148,0.0692043601574,0.0682500610133,0.0678436002667,0.0671897286309,0.0670660231863,0.0663944793441,0.0660233630103,0.0667479234716,0.0668716289162,0.0669246455353,0.0667125790588,0.0674017951074,0.0679319612986,0.0676492059966,0.0677552392348,0.0678966168858,0.0680026501241,0.0684621274898,0.0688155716172,0.069133671332,0.0693280656021,0.0690806547128,0.0695224598722,0.0702116759207,0.0708478753502,0.0710245974139,0.070794858731,0.0700526260634,0.0694517710467,0.0689746214746,0.0690276380937,0.0686741939662,0.068285405426,0.0676315337902,0.0674724839329,0.0680026501241,0.0683737664579,0.0681086833623,0.0682677332197,0.0690806547128,0.0696284931104,0.0707241699055,0.0703000369526,0.070936236382,0.0713250249222,0.0713780415413,0.0708832197629,0.0719435521453,0.0715547636051,0.0712543360967,0.0713780415413,0.0707595143183,0.0717491578752,0.0717138134624,0.0714310581605,0.0715547636051,0.0719258799389,0.0718728633198,0.0727211292257,0.0724913905429,0.0721909630345,0.0722439796536,0.0713426971286,0.0712543360967,0.0716607968433,0.0710245974139,0.0703530535717,0.0697168541423,0.0692750489829,0.0693987544276,0.0693457378084,0.0693457378084,0.069752198555,0.0699112484124,0.0697698707614,0.069469443253,0.070317709159,0.0704590868099,0.0701056426825,0.070794858731,0.0707771865247,0.0707418421119,0.0706711532864,0.0700702982697,0.0694517710467,0.070176331508,0.0697875429678,0.0701056426825,0.0699465928251,0.0690983269192,0.0686918661726,0.0687272105854,0.0687802272045,0.0690629825065,0.0694517710467,0.0691866879511,0.0692927211893,0.0689216048555,0.0695578042849,0.0697698707614,0.0702646925398,0.0699996094442,0.0702646925398,0.0711836472712,0.0716607968433,0.0710422696203,0.0707241699055,0.0708832197629,0.071077614033,0.0713250249222,0.0708478753502,0.0709008919693,0.071077614033,0.0697698707614,0.0687625549981,0.0692927211893,0.0696991819359,0.0698759039996,0.0703883979844,0.0705474478418,0.070317709159,0.0706358088737,0.0704944312227,0.0704944312227,0.0704060701908,0.0708478753502,0.0709892530011,0.0709715807948,0.07065348108,0.0709185641756,0.0720495853835,0.0719965687644,0.0716607968433,0.0723676850982,0.0729508679086,0.0731452621787,0.0733926730679,0.0732336232105,0.0736577561635,0.0726504404002,0.0724383739237,0.0731982787978,0.0739405114655,0.0736754283699,0.074011200291,0.0737991338145,0.0737637894017,0.0742939555929,0.0737107727826,0.0747887773714,0.0748771384032,0.0740465447037,0.073587067338,0.0748771384032,0.0750715326733,0.0756547154837,0.075955142992,0.0758667819601,0.0764146203577,0.0760258318175,0.0760258318175,0.0767857366915,0.077139180819,0.0764676369768,0.0762202260876,0.0761848816749,0.0758667819601,0.0762025538812,0.0762555705004,0.0766797034533,0.0764853091832,0.0760081596111,0.0767680644852,0.0769271143425,0.0778283968676,0.0780581355504,0.0786766627735,0.0794542398539,0.0799137172196,0.0812391326976,0.0821934318417,0.084243407781,0.084526163083,0.0858869229737,0.0861166616566,0.0868058777052,0.0879722433258,0.0888381814381,0.0897748083758,0.0897394639631,0.0911355682666,0.0905700576626,0.0912239292985,0.0912946181239,0.0918424565215,0.0923902949191,0.0919661619661,0.0915597012195,0.0914536679813,0.090870485171,0.0906054020754,0.0916657344578,0.0917187510769,0.0914536679813,0.0919484897598,0.0913476347431,0.0918424565215,0.0920015063789,0.0923726227127,0.0929734777294,0.0930264943485,0.0920191785852,0.0921605562362,0.0934152828887,0.0933622662696,0.0939101046672,0.0941044989373,0.094563976303,0.0943342376201,0.0949704370496,0.0953592255898,0.0961898192893,0.0962605081148,0.0952885367643,0.0950234536687,0.0948290593986,0.0947583705731,0.0949174204304,0.0949881092559,0.0945463040966,0.094422598652,0.095323881177,0.095889391781,0.0958187029555,0.0961014582575,0.0975505791801,0.0979393677203,0.0976212680055,0.0975682513864,0.0974092015291,0.0971264462271,0.0963665413531,0.0955359476535,0.0956419808918,0.0953062089707,0.0939807934927,0.0935389883333,0.093662693778,0.0937157103971,0.0942635487946,0.0948113871922,0.0948113871922,0.0953415533834,0.0958187029555,0.0961191304638,0.096932051957,0.0978686788948,0.0985755671497,0.0984518617051,0.099582882913,0.100042360279,0.100289771168,0.100148393517,0.0998126215958,0.100289771168,0.099582882913,0.0994591774684,0.0991234055473,0.100201410136,0.099017372309,0.098398845086,0.0987169448007,0.0989113390708,0.0992117665791,0.0988406502453,0.0993708164365,0.0986285837688,0.0977273012438,0.0970557574016,0.0971441184335,0.0970911018144,0.096030769432,0.096790674306,0.0971264462271,0.0964725745913,0.0962428359084,0.096649296655,0.0972854960845,0.0976566124183,0.0980807453713,0.0980807453713,0.0989290112772,0.099017372309,0.0994945218811,0.100978987216,0.101102692661,0.101420792376,0.101880269741,0.101756564297,0.102074664012,0.102640174616,0.102216041663,0.101403120169,0.101279414725,0.100678559708,0.10115570928,0.101456136789,0.10179190871,0.10198630298,0.101385447963,0.101420792376,0.101579842233,0.101244070312,0.100943642804,0.101385447963,0.101208725899,0.101067348248,0.100537182057,0.0999186548341,0.100325115581,0.100236754549,0.100307443374,0.100696231914,0.100325115581,0.100537182057,0.100996659423,0.100749248534,0.101102692661,0.102145352837,0.102428108139,0.102799224473,0.103470768315,0.104460411872,0.105467727635,0.104778511587,0.104124639951,0.103665162585,0.103947917887,0.104319034221,0.104213000983,0.104142312157,0.103753523617,0.103877229062,0.104106967745,0.104301362015,0.105237988952,0.106033238239,0.105874188382,0.10539703881,0.105909532795,0.105556088667,0.105361694397,0.10417765657,0.104106967745,0.104849200412,0.104266017602,0.105167300127,0.105874188382,0.105856516175,0.105326349984,0.106528060018,0.107535375781,0.108578035957,0.108118558591,0.107517703575,0.108330625068,0.107800458877,0.107729770051,0.108259936242,0.108860791259,0.108436658306,0.108136230798,0.107906492115,0.108030197559,0.10900216891,0.108507347131,0.108401313893,0.107553047987,0.106934520764,0.106722454288,0.106987537383,0.107553047987,