# R script for Peak Model
#  -- generated by MACS
p <- c(0.0381648615906,0.0444016980424,0.0505969209066,0.057203077949,0.0634347127024,0.0634139059086,0.0631642243825,0.0631538209856,0.0630861989057,0.0627636936012,0.0629145428565,0.0629925683334,0.0633098719394,0.0630081734288,0.0630289802226,0.0626544579336,0.0628001054904,0.0629145428565,0.0631226107949,0.0633983008132,0.0632162413671,0.0632994685425,0.0631798294779,0.0630393836195,0.0630653921118,0.0634139059086,0.0633462838286,0.0633046702409,0.0631642243825,0.0632994685425,0.0631174090964,0.0631746277795,0.0631538209856,0.0633410821301,0.063361888924,0.0633462838286,0.0633358804317,0.063294266844,0.0635283432746,0.0640797233113,0.064235774265,0.0643398082342,0.0644386405049,0.0645270693787,0.064745540714,0.0647195322217,0.0650576426215,0.0653125258459,0.065302122449,0.0649692137477,0.0652032901783,0.0652709122583,0.0652501054644,0.0651876850829,0.0652813156552,0.0654425683074,0.0653333326398,0.065744266818,0.0657754770088,0.0654113581167,0.0654425683074,0.0653125258459,0.0654061564182,0.0656714430396,0.0655466022766,0.0656090226581,0.0659835449471,0.0653385343382,0.0657546702149,0.0660511670271,0.0664100842207,0.0667065810328,0.0669718676542,0.0668834387804,0.0671227169095,0.0673411882448,0.0670238846388,0.0671331203064,0.066742992922,0.0669406574635,0.066436092713,0.0663528655377,0.0663892774269,0.0663528655377,0.0662488315685,0.0659523347563,0.0663476638392,0.0665141181899,0.0664412944115,0.0664985130945,0.0667637997159,0.0670498931311,0.0668678336851,0.0668366234943,0.0668886404789,0.0670967084172,0.0666961776359,0.0672111457833,0.0675544578816,0.0674296171186,0.0676584918508,0.0674816341032,0.0677885343122,0.0684647551118,0.0685583856841,0.0684075364288,0.0687404451301,0.0685063686995,0.0688808909885,0.0689953283546,0.0686416128594,0.0686884281456,0.068511570398,0.0685843941764,0.0687404451301,0.0690941606253,0.0690369419423,0.069203396293,0.0691461776099,0.0690629504346,0.0695259015974,0.0697287678373,0.0700252646494,0.0698328018064,0.0695935236774,0.0693698506436,0.069192992896,0.0690369419423,0.0688496807978,0.0692346064837,0.0691201691176,0.0688288740039,0.0684907636041,0.0682254769827,0.0686052009702,0.0687300417332,0.0689953283546,0.0689225045762,0.0688652858931,0.0687040332409,0.0686104026687,0.0687820587178,0.0692710183729,0.0696039270743,0.0695311032958,0.0697859865203,0.069884818791,0.0698380035049,0.0699316340772,0.0702853495723,0.0706130565752,0.0711904451041,0.070826326212,0.0709459652766,0.0710552009442,0.0711852434057,0.0711852434057,0.0711332264211,0.0716117826793,0.0715701690916,0.0717366234423,0.0715129504086,0.0716846064577,0.0715961775839,0.0717990438238,0.0718510608084,0.0719082794914,0.0725012731157,0.0718978760945,0.0720331202544,0.072027918556,0.0719498930791,0.072209978002,0.0725480884018,0.0726729291648,0.0726001053864,0.0727977699278,0.0726885342602,0.0728861988016,0.0727925682294,0.0723868357496,0.0725428867034,0.0726625257679,0.072594903688,0.0727249461494,0.0729226106908,0.0727925682294,0.072719744451,0.072594903688,0.0728757954047,0.0732139058045,0.0733803601552,0.0732555193922,0.0728705937063,0.0729486191831,0.0728393835155,0.0729902327708,0.0733491499644,0.073661251872,0.0736924620627,0.0735780246966,0.0731878973122,0.0734271754413,0.0739369418903,0.0738068994288,0.0737808909365,0.0743166658777,0.0744415066407,0.0746287677853,0.0745871541976,0.0749720798835,0.0752321648065,0.075034500265,0.0749356679943,0.0746807847698,0.0748888527082,0.0746859864683,0.0747067932621,0.0745455406099,0.074535137213,0.0745299355145,0.074602759293,0.0746443728806,0.0744259015454,0.0748004238344,0.0749876849789,0.0750501053604,0.0746807847698,0.0753674089664,0.0756535023816,0.0758251584307,0.0758095533354,0.0760280246706,0.0764233537535,0.0766834386764,0.0772452221099,0.0774584917467,0.0782023346263,0.0778538208296,0.0776457528912,0.0777445851619,0.0778330140357,0.0781035023556,0.0781659227371,0.0778902327188,0.077359659476,0.0772140119192,0.0770683643623,0.0771411881408,0.0774584917467,0.0773284492853,0.0777861987496,0.0776873664789,0.0778434174327,0.0781399142448,0.0783895957708,0.0782959651986,0.0783219736908,0.0784104025646,0.078176326134,0.0779994683864,0.0781919312294,0.0783479821831,0.0784364110569,0.0787849248537,0.0786548823922,0.0791438420473,0.0790033961889,0.0790033961889,0.0796432050993,0.0798200628469,0.079627600004,0.0799657104038,0.0802205936282,0.0802153919298,0.0801477698498,0.080309022502,0.0807771753633,0.0808135872525,0.0806679396957,0.0808395957448,0.0811308908585,0.0810996806677,0.0811204874616,0.080943629714,0.0813025469076,0.0811516976523,0.0812297231292,0.0815210182429,0.081567833529,0.082192037344,0.0821192135656,0.0824209120762,0.083008704002,0.0832271753373,0.0836641180078,0.0840386402968,0.084267515029,0.0846160288257,0.0850113579086,0.0853494683084,0.085958067028,0.0864470266832,0.0865822708431,0.0877786614885,0.0885641179558,0.0889126317525,0.0899061561581,0.0906395956408,0.0907072177207,0.0910453281205,0.0916123132525,0.0917215489202,0.0923821646244,0.0917735659047,0.0917579608094,0.0921064746061,0.0922573238614,0.0924757951966,0.093183226187,0.0934693196022,0.0936305722545,0.0937294045252,0.0936305722545,0.0942859862602,0.0943848185309,0.0946813153431,0.0945044575955,0.0945564745801,0.0951390648074,0.0954719735088,0.0953939480319,0.0958464957978,0.0957060499394,0.0958568991947,0.0959037144809,0.0958516974963,0.0958725042901,0.0962730350714,0.096325052056,0.0964863047082,0.0966787675512,0.0975994681783,0.098275688978,0.0984421433286,0.09877505203,0.0991755828113,0.0997893832294,0.100018257962,0.100054669851,0.100059871549,0.10042919214,0.0997425679433,0.0996021220849,0.100387578552,0.100522822712,0.100829722921,0.100871336509,0.100658066872,0.10106900105,0.101495540324,0.101427918244,0.101365497862,0.101557960705,0.100793311032,0.10093375689,0.10076730254,0.100725688952,0.100944160287,0.10076730254,0.10083492462,0.100782907635,0.101199043512,0.101490338625,0.102098937345,0.102338215474,0.102577493603,0.102988427781,0.103581421406,0.103805094439,0.103695858772,0.104325264285,0.104616559399,0.104809022242,0.104991081688,0.105448831152,0.106135455349,0.106026219681,0.106156262143,0.106395540272,0.106863693133,0.106692037084,0.106816877847,0.107170593342,0.107342249391,0.107352652788,0.107222610327,0.107680359791,0.1076491496,0.107586729219,0.107389064677,0.107810402253,0.108247344923,0.108216134732,0.10839299248,0.108741506277,0.108923565723,0.109110826867,0.109064011581,0.109542567839,0.110156368257,0.110962631518,0.111035455297,0.111342355506,0.111576431937,0.112080996687,0.112237047641,0.112211039149,0.112804032773,0.112726007296,0.112705200502,0.11234108161,0.112809234471,0.112731208994,0.11298089052,0.112809234471,0.113168151665,0.113443841683,0.113563480748,0.114083650594,0.114000423418,0.11419808796,0.1144009542,0.114978342728,0.115280041239,0.115597344845,0.115878236562,0.116398406408,0.116445221694,0.116466028488,0.116767726998,0.117126644192,0.11713184589,0.117407535909,0.11716825778,0.117802864991,0.117828873484,0.117828873484,0.117745646308,0.118073353311,0.119087684511,0.119404988117,0.119711888326,0.11966507304,0.119987578344,0.11962866115,0.119925157963,0.120403714221,0.12118396899,0.121225582577,0.121001909544,0.121672928645,0.121886198281,0.122468788509,0.123306261961,0.124315391462,0.124617089972,0.124752334132,0.125147663215,0.126016346858,0.12651570991,0.126120380827,0.126250423288,0.126208809701,0.125667833061,0.125418151535,0.125688639855,0.126078767239,0.12665095407,0.126562525196,0.126468894623,0.126905837294,0.127072291645,0.126801803325,0.127264754488,0.12735838506,0.127883756604,0.128138639829,0.128055412653,0.128190656813,0.128450741736,0.128513162118,0.128908491201,0.129569106905,0.130042461465,0.130916346806,0.131041187569,0.130848724726,0.130755094153,0.131358491175,0.131930678005,0.132258385008,0.132123140848,0.132456049549,0.132580890312,0.132034711974,0.131993098386,0.132461251248,0.132903395617,0.132643310694,