# R script for Peak Model
#  -- generated by MACS
p <- c(0.0254023205472,0.0295105351021,0.0338028244435,0.0379779752844,0.0419941524461,0.04192721616,0.041893748017,0.0422786316617,0.0422284294471,0.0419355831958,0.0414502951221,0.0418017106237,0.0415758006584,0.0418853809813,0.0423037327689,0.0424627064482,0.0429898297007,0.0429396274862,0.043081867094,0.0429312604504,0.0429730956292,0.0429145263789,0.04314880338,0.0427053504851,0.0424878075555,0.0422535305544,0.0419104820885,0.0418100776595,0.0419690513388,0.0422702646259,0.0423539349834,0.0420192535533,0.0419355831958,0.0421698601969,0.0421280250181,0.0421029239108,0.0422786316617,0.042404137198,0.0422033283399,0.0423539349834,0.0421865942684,0.0422786316617,0.0425547438415,0.042504541627,0.0421614931611,0.0425547438415,0.0420945568751,0.0419857854103,0.041759875445,0.0415758006584,0.0417682424807,0.0419021150528,0.0414586621578,0.0411574488707,0.0414753962293,0.0415925347299,0.0417515084092,0.0416511039802,0.0420359876248,0.0421112909466,0.0420359876248,0.0421196579824,0.0424292383052,0.0425631108773,0.0428559571286,0.0426384141991,0.0428224889856,0.043081867094,0.0431404363443,0.0429814626649,0.0431237022728,0.0427220845566,0.0426300471633,0.0427304515923,0.0424543394125,0.0426718823421,0.0425296427343,0.0424878075555,0.0424208712695,0.0427388186281,0.0426718823421,0.0429061593432,0.0429228934147,0.042604946056,0.0426300471633,0.0426635153063,0.0426384141991,0.0426886164136,0.0422869986974,0.0420861898393,0.0419690513388,0.0419355831958,0.0419857854103,0.0426216801276,0.0424292383052,0.0423372009119,0.042370669055,0.04192721616,0.0422618975902,0.04253800977,0.0427137175208,0.0426384141991,0.0428308560214,0.042604946056,0.0428475900929,0.04192721616,0.0414753962293,0.0415590665869,0.0415841676941,0.0412327521925,0.0410152092629,0.0412076510852,0.0410235762987,0.0411658159065,0.0413080555143,0.0419355831958,0.0424125042337,0.0426133130918,0.0425212756985,0.042604946056,0.0425296427343,0.042370669055,0.0425631108773,0.042404137198,0.0422953657332,0.0424208712695,0.0425296427343,0.0423120998047,0.0425965790203,0.0426133130918,0.0430902341297,0.0431404363443,0.0426969834493,0.0426802493778,0.0425296427343,0.0426300471633,0.0428726912002,0.0429479945219,0.0427555526996,0.0431237022728,0.0428810582359,0.0431069682012,0.0430316648795,0.0432492078091,0.0435420540604,0.0431404363443,0.0429061593432,0.0429312604504,0.0428057549141,0.0427973878784,0.043215739666,0.0432073726303,0.0432994100236,0.0433161440951,0.0432073726303,0.0438851025263,0.0436006233107,0.0440942784201,0.044403858743,0.0440022410269,0.0440608102771,0.0442281509922,0.0445795664938,0.0445126302078,0.0443452894927,0.0439185706693,0.044303454314,0.0439185706693,0.0434332825956,0.0435922562749,0.0433412452023,0.0432324737375,0.0432826759521,0.0439938739911,0.0442783532067,0.0446632368514,0.0445795664938,0.0446883379586,0.0452154612111,0.0452321952826,0.0452154612111,0.0451903601038,0.0450899556748,0.0446465027799,0.0449560831027,0.04498118421,0.0452238282468,0.0454581052479,0.0455334085697,0.0457593185351,0.0456840152133,0.0458848240714,0.0459433933216,0.0459015581429,0.0457844196423,0.0459601273931,0.0459015581429,0.0456672811418,0.0458680899999,0.0458011537138,0.0461191010725,0.0460019625719,0.0463533780735,0.0464705165741,0.0464705165741,0.0460103296077,0.0460605318222,0.0465374528601,0.0464705165741,0.0464872506456,0.046780096897,0.0470060068623,0.0466964265394,0.0467968309685,0.0469056024333,0.0474745608645,0.0475080290075,0.0474327256857,0.0471398794344,0.0472821190422,0.0468888683618,0.0467633628255,0.0470645761126,0.0471566135059,0.0469976398266,0.0468386661472,0.0466462243249,0.0466211232177,0.0470896772198,0.0471147783271,0.047491294936,0.0477757741516,0.0478594445091,0.0478594445091,0.048612477727,0.0483782007259,0.0490893987649,0.049357143909,0.0493989790878,0.0495663198028,0.0499261023402,0.0500265067693,0.0503277200564,0.0506038322362,0.0504615926284,0.0509134125591,0.0510640192027,0.0508799444161,0.0508799444161,0.0509134125591,0.0505285289145,0.0506875025938,0.0509050455234,0.0509887158809,0.0510556521669,0.0509719818094,0.0512146258462,0.0514656369188,0.0518839887065,0.0524529471377,0.0529717033544,0.0530135385332,0.0531139429623,0.0531474111053,0.0532478155343,0.0537247365722,0.053800039894,0.0540594180024,0.0541096202169,0.0541765565029,0.0543271631465,0.0549128556492,0.0550383611855,0.0553646755799,0.0552140689363,0.0552559041151,0.055055095257,0.0550969304358,0.0557244581173,0.0556073196167,0.0557077240458,0.0556742559028,0.056209746191,0.0561344428692,0.0568121727652,0.0571886893741,0.0577074455908,0.0579835577707,0.0579500896277,0.0581257973785,0.0582345688433,0.0583015051293,0.0580672281282,0.0584186436299,0.0586696547025,0.0585692502734,0.0580672281282,0.0586612876667,0.0587700591315,0.0591214746332,0.0598494067437,0.0604602003537,0.0606359081045,0.0612048665357,0.061740356824,0.0628364385076,0.0638823179768,0.064350871979,0.0649114633745,0.0654051184839,0.0660242791297,0.0666601738469,0.0672960685642,0.0674299411362,0.0677813566379,0.0681578732468,0.0684256183909,0.0688439701785,0.0690949812511,0.0698982166835,0.0700655573985,0.0703082014354,0.0709440961526,0.0712871446185,0.071847736014,0.0718226349067,0.0719816085861,0.0723079229804,0.0723162900162,0.072391593338,0.0728685143759,0.0737721542373,0.0747678314919,0.0752280184584,0.0752112843868,0.0754622954594,0.0764496056783,0.0767006167509,0.0773950807185,0.0777381291844,0.0775540543978,0.077478751076,0.0773114103609,0.0776544588268,0.0780644435787,0.0781815820793,0.078056076543,0.0784995294379,0.0790852219406,0.0799386595875,0.0804490487684,0.080566187269,0.0809929060924,0.0813192204868,0.0819802163113,0.0829675265302,0.0836285223547,0.0839966719279,0.0843062522507,0.0841891137502,0.0849003117892,0.0853353976484,0.0854107009702,0.0858792549724,0.0858792549724,0.0860716967947,0.0865235167254,0.0873769543722,0.0875359280515,0.0882136579475,0.0885818075207,0.0889248559866,0.0892762714882,0.0895272825608,0.0901464432066,0.0903639861362,0.091250891926,0.0915688392846,0.0922633032522,0.0933008156856,0.0934765234364,0.0945558710486,0.0955348142317,0.0971496521321,0.0980951271722,0.0991995758917,0.0996764969296,0.0997852683944,0.100421163112,0.100672174184,0.101416840366,0.101718053653,0.10150887776,0.101416840366,0.102270278013,0.102462719835,0.102546390193,0.104018988486,0.104730186525,0.105340980135,0.106144215567,0.106738275105,0.108110468969,0.109691838726,0.110336100479,0.111365245877,0.112611934204,0.113222727814,0.114260240248,0.115364688967,0.116176291435,0.116720148759,0.117916634872,0.117715826014,0.118008672265,0.118887211019,0.119765749773,0.120736325921,0.121430789888,0.121497726174,0.122819717823,0.123907432471,0.124802705297,0.126794059806,0.127764635954,0.129153563889,0.130408619252,0.131161652469,0.132299569332,0.133613193945,0.134157051269,0.135453941811,0.136273911315,0.136014533206,0.137303056712,0.138482808754,0.139503587116,0.140323556619,0.141829623055,0.142457150736,0.143427726884,0.144858489998,0.146347822362,0.148063064691,0.149075476017,0.149778307021,0.150665212811,0.151803129673,0.152648200284,0.15494076808,0.156915388518,0.157752092094,0.158664098991,0.159818749925,0.160939932716,0.16248783433,0.163818193015,0.165073248378,0.166303202634,0.167441119496,0.168905350753,0.17103894487,0.172452973912,0.174243519563,0.175724484892,0.17714688097,0.178443771512,0.180184114948,0.181631612134,0.182451581638,0.183873977716,0.184911490149,0.186752238015,0.188484214416,0.190224557852,0.192023470539,0.193822383226,0.195880674022,0.197604283387,0.199771345647,0.200482543686,0.201904939764,0.203118159948,0.205042578172,0.20707576786,0.208866313511,0.210849300984,0.212330266313,0.213878167927,0.21568544765,0.218295962805,0.220730770209,0.222061128894,0.223374753507,0.225399576159,0.226696466701,0.228118862779,0.23018552061,0.232185242155,0.233540701947,0.234661884738,0.235523689421,0.23861949265,0.241363880377,0.242727707205,0.245078844251,0.247906902336,