# R script for Peak Model
#  -- generated by MACS
p <- c(0.0441844709413,0.0518973742022,0.0587575946904,0.0659666399493,0.0734082350552,0.0721292108964,0.0711214948924,0.0705401202748,0.0700750205807,0.0705401202748,0.0705013619669,0.0701137788885,0.0705013619669,0.0707726701218,0.0717028695101,0.073214443516,0.0734082350552,0.0746097425983,0.075191117216,0.0746097425983,0.0750748422924,0.0742221595199,0.0734082350552,0.0733694767473,0.0723617607434,0.0711990115081,0.0713152864316,0.0705013619669,0.0691835795003,0.0691835795003,0.0688347547297,0.0694161293473,0.0701137788885,0.0695324042709,0.0688735130375,0.0686022048826,0.0680983468807,0.0672456641081,0.0677107638022,0.0674394556473,0.0673231807238,0.0671681474924,0.0672069058003,0.0681371051885,0.0686022048826,0.068020830265,0.0690673045767,0.0703463287356,0.0699587456571,0.0699587456571,0.0702688121199,0.0698037124258,0.0700750205807,0.0686409631905,0.0676720054944,0.068253380112,0.0675944888787,0.0661216731806,0.0654627819473,0.0654240236395,0.065036440561,0.0664704979512,0.0656953317944,0.0671293891846,0.0680983468807,0.0686409631905,0.0689122713454,0.0695324042709,0.0699587456571,0.069997503965,0.0701525371963,0.0686797214983,0.0690673045767,0.0684084133434,0.0683308967277,0.068989787961,0.0687184798061,0.0688347547297,0.0680983468807,0.0682146218042,0.0684084133434,0.0680595885728,0.0688735130375,0.0692998544238,0.0691835795003,0.0674394556473,0.0678270387258,0.0681371051885,0.0693773710395,0.0705788785826,0.0701525371963,0.0718579027415,0.0709277033532,0.0703075704277,0.0705401202748,0.071974177665,0.0720516942807,0.0724780356669,0.0723617607434,0.0717416278179,0.0714315613552,0.070733911814,0.0707726701218,0.0706176368905,0.0700750205807,0.069493645963,0.0688347547297,0.0679433136493,0.067516972263,0.0668580810297,0.0671293891846,0.0671681474924,0.0674782139552,0.067013114261,0.0668580810297,0.0677107638022,0.0680595885728,0.0695711625787,0.0699199873493,0.0703850870434,0.0701525371963,0.0700750205807,0.0698424707336,0.0700362622728,0.070230053812,0.0690285462689,0.0682921384199,0.0674782139552,0.0675944888787,0.0666255311826,0.0669743559532,0.0663542230277,0.0672844224159,0.0673231807238,0.0672069058003,0.0669743559532,0.0671681474924,0.0659666399493,0.0666642894905,0.0672456641081,0.0670906308767,0.067013114261,0.0651527154846,0.0649201656375,0.0644550659434,0.0656178151787,0.0658116067179,0.0666255311826,0.065540298563,0.065540298563,0.066276706412,0.0668968393375,0.0684471716512,0.0685634465748,0.0691448211924,0.0680595885728,0.0684084133434,0.0682921384199,0.0684471716512,0.0684859299591,0.0682921384199,0.0685246882669,0.0678657970336,0.0685634465748,0.0680595885728,0.0678270387258,0.0674782139552,0.0685246882669,0.0691448211924,0.069261096116,0.068989787961,0.0682921384199,0.0694161293473,0.0691835795003,0.0698812290414,0.0699587456571,0.0701137788885,0.0692998544238,0.0691448211924,0.0693773710395,0.0693386127316,0.0706176368905,0.0689122713454,0.0691060628846,0.0694548876552,0.0713540447395,0.0709277033532,0.0693773710395,0.0680595885728,0.0671681474924,0.066780564414,0.0652689904081,0.0660053982571,0.0659278816414,0.0655790568708,0.0633310750159,0.0638736913257,0.0647263740983,0.0661991897963,0.0663154647199,0.0667030477983,0.0679433136493,0.0674006973395,0.0668968393375,0.0660829148728,0.0672456641081,0.0672069058003,0.0684859299591,0.0680983468807,0.0679045553414,0.0677107638022,0.0667418061061,0.0672456641081,0.0684859299591,0.0696099208865,0.0687184798061,0.0689510296532,0.0677495221101,0.0676720054944,0.0687959964218,0.0690673045767,0.0699587456571,0.0702688121199,0.0697649541179,0.0693773710395,0.0701525371963,0.0703075704277,0.0711602532003,0.0706563951983,0.071237769816,0.0717803861258,0.070733911814,0.0699587456571,0.0702688121199,0.0701525371963,0.0705788785826,0.0710052199689,0.0710827365846,0.0713928030473,0.0698812290414,0.0695324042709,0.070733911814,0.0710052199689,0.0701912955042,0.0714315613552,0.0716253528944,0.0711602532003,0.0715478362787,0.0726718272062,0.0734082350552,0.0747260175219,0.0747260175219,0.0754624253709,0.0760050416807,0.0742221595199,0.0743384344434,0.073446993363,0.0726718272062,0.072206727512,0.0723617607434,0.0711990115081,0.0706563951983,0.0691060628846,0.068757238114,0.0698812290414,0.0682921384199,0.0678270387258,0.0678270387258,0.0670518725689,0.0672069058003,0.0667418061061,0.0671681474924,0.0691448211924,0.0699199873493,0.0696486791944,0.0705401202748,0.0717028695101,0.0724780356669,0.0740283679807,0.0744934676748,0.0753461504473,0.0749198090611,0.0742996761356,0.0737183015179,0.0742221595199,0.0748035341375,0.0748422924454,0.0747260175219,0.0742221595199,0.0741058845964,0.0743384344434,0.074183401212,0.0745709842905,0.0759662833728,0.0756562169101,0.075423667063,0.0752298755238,0.0753849087552,0.0755399419866,0.0766251746062,0.0773228241474,0.078408056767,0.0785243316905,0.077904198765,0.079648322618,0.0809273467768,0.0828265038611,0.0837567032493,0.0848031775611,0.0852295189474,0.0860822017199,0.0870899177239,0.0880201171121,0.0887177666533,0.0884464584984,0.0881363920356,0.0880976337278,0.0878650838807,0.0880201171121,0.0874775008023,0.0866635763376,0.0865473014141,0.0857333769493,0.0852682772552,0.085074485716,0.0861209600278,0.0854620687944,0.0856946186415,0.0856558603337,0.0858496518729,0.0871674343396,0.0879426004964,0.0884077001905,0.0884852168062,0.0889890748082,0.0892216246552,0.0901518240435,0.0904231321984,0.0903843738905,0.0905394071219,0.0896479660415,0.0879813588043,0.0870899177239,0.0877100506494,0.0869736428003,0.0867023346454,0.0857721352572,0.0854233104866,0.0853845521788,0.0847256609454,0.0853457938709,0.0856946186415,0.0870899177239,0.0870124011082,0.0872837092631,0.0868961261846,0.087555017418,0.0874775008023,0.0872061926474,0.0873612258788,0.0858884101807,0.0862372349513,0.0857333769493,0.0853070355631,0.0861984766435,0.0858884101807,0.0852295189474,0.0854233104866,0.0850357274082,0.0851520023317,0.0858884101807,0.0849582107925,0.0847256609454,0.0862759932592,0.0853845521788,0.0855008271023,0.0862372349513,0.0871286760317,0.0890665914239,0.0889503165003,0.0898417575807,0.0925935974376,0.094725304369,0.0935625551337,0.0944152379062,0.0944927545219,0.0947640626768,0.0942989629827,0.0939501382121,0.0940276548278,0.0936400717494,0.0924385642062,0.091508364818,0.0919734645121,0.0920509811278,0.0918571895886,0.0923610475906,0.0919734645121,0.0915471231258,0.0931749720553,0.0938726215964,0.0951128874474,0.0958492952964,0.0963919116063,0.0965857031455,0.0977484523808,0.098174793767,0.0986011351533,0.0979034856121,0.0988724433082,0.098174793767,0.0965469448376,0.0964694282219,0.0966632197612,0.0968570113004,0.0963531532984,0.0965081865298,0.097438385918,0.098174793767,0.0964694282219,0.0966632197612,0.0978647273043,0.0968957696082,0.0958105369886,0.0956555037572,0.0953454372945,0.0952679206788,0.0937563466729,0.0943377212906,0.0946090294455,0.0940664131357,0.0925935974376,0.0927098723611,0.0932912469788,0.0928261472847,0.0935625551337,0.093485038518,0.0949578542161,0.0949578542161,0.0943764795984,0.0946865460611,0.0953841956023,0.0951904040631,0.0953066789866,0.0953066789866,0.0940664131357,0.0928261472847,0.0914696065102,0.0901518240435,0.0898417575807,0.0891053497317,0.0883689418827,0.0880976337278,0.086818609569,0.0860046851043,0.0868573678768,0.087051159416,0.087555017418,0.0878650838807,0.0875937757258,0.0873224675709,0.0873612258788,0.0886014917298,0.089027833116,0.0896867243494,0.0898029992729,0.0896867243494,0.0895704494258,0.0894154161945,0.0905006488141,0.0913920898945,0.0917409146651,0.0918184312807,0.0917409146651,0.0918959478964,0.092244772667,0.0922835309749,0.0923222892827,0.0928261472847,0.0917796729729,0.092244772667,0.0930586971317,0.0921672560513,0.0925160808219,0.0917796729729,0.0914696065102,0.0919734645121,0.0933687635945,0.0938726215964,0.0946865460611,0.0950741291396,0.0945315128298,0.0949966125239,0.0953066789866,0.0955779871415,0.0955779871415,0.0955779871415,0.0945702711376,0.0941439297513,