# R script for Peak Model
#  -- generated by MACS
p <- c(0.0445344677822,0.051382948058,0.0579218925021,0.0651186005885,0.0721605407591,0.0708837054534,0.0719283888853,0.0721218487801,0.0709997813903,0.071348009201,0.0714253931589,0.0723153086749,0.0740564477281,0.0744820594967,0.0751785151179,0.075062439181,0.07510113116,0.0756815108444,0.0759910466761,0.0751785151179,0.0751785151179,0.07510113116,0.0740564477281,0.0738629878333,0.0729343803383,0.0725474605487,0.0732826081489,0.0728956883593,0.0731278402331,0.0738629878333,0.0744433675177,0.0733213001279,0.0736695279385,0.0734373760648,0.0740951397071,0.07510113116,0.0739403717912,0.0740564477281,0.0735147600227,0.0729730723172,0.0723153086749,0.0729343803383,0.0729730723172,0.0732826081489,0.0736308359596,0.0736695279385,0.0735921439806,0.0737082199175,0.0746755193915,0.0748302873073,0.0756041268865,0.0763779664657,0.0754880509496,0.0749850552231,0.0742885996019,0.074133831686,0.0738242958543,0.073166532212,0.0721605407591,0.0719670808643,0.0714253931589,0.0698003300426,0.070380709727,0.0706515535797,0.0710384733693,0.071348009201,0.071270625243,0.0718123129485,0.0712319332641,0.0706128616007,0.0704580936849,0.071270625243,0.0707676295166,0.0702646337901,0.0697616380636,0.0689877984844,0.0698003300426,0.070380709727,0.0710384733693,0.0712319332641,0.0710771653482,0.0705354776428,0.0718123129485,0.0725474605487,0.0730891482541,0.0733986840858,0.0733986840858,0.0728183044014,0.0729343803383,0.0736695279385,0.074172523665,0.074172523665,0.0727796124224,0.0725087685697,0.072237924717,0.0726248445066,0.0721605407591,0.0717736209695,0.0728183044014,0.0727022284645,0.0726248445066,0.0728956883593,0.0730891482541,0.0737469118964,0.0733599921068,0.0730117642962,0.073205224191,0.0726248445066,0.0714253931589,0.0706515535797,0.0717349289905,0.0720057728433,0.0718896969064,0.0714253931589,0.0716575450326,0.0710771653482,0.0710771653482,0.0715801610747,0.0719670808643,0.0725861525277,0.0708450134745,0.0704194017059,0.0711158573272,0.0709997813903,0.0711158573272,0.0710384733693,0.0708837054534,0.0709610894114,0.0708063214955,0.0707289375376,0.0706902455586,0.0716575450326,0.0716575450326,0.0714253931589,0.0715027771168,0.0723153086749,0.0728183044014,0.0728956883593,0.0728569963804,0.0728183044014,0.0725087685697,0.0719670808643,0.0716188530537,0.0721218487801,0.0715801610747,0.0708837054534,0.0695681781688,0.0692586423372,0.0690651824424,0.0689877984844,0.0701485578532,0.0700711738953,0.0697616380636,0.0697229460847,0.0704580936849,0.0711932412851,0.0715027771168,0.0728183044014,0.0735534520016,0.0728183044014,0.0726248445066,0.0727022284645,0.0742112156439,0.075139823139,0.0759136627182,0.0757202028234,0.0766101183394,0.0749463632442,0.0753332830338,0.0769196541711,0.0777321857292,0.0775000338555,0.0768422702132,0.0764553504236,0.0756041268865,0.075139823139,0.0749076712652,0.0753719750127,0.07510113116,0.074133831686,0.0733213001279,0.0739403717912,0.0734760680437,0.0723153086749,0.072237924717,0.0728569963804,0.0730117642962,0.0742885996019,0.0730891482541,0.07324391617,0.0733986840858,0.0728183044014,0.0728956883593,0.0723926926329,0.0718896969064,0.0716962370116,0.0704194017059,0.0691425664003,0.0697229460847,0.0689104145265,0.0687556466107,0.068446110779,0.068446110779,0.068484802758,0.0692973343161,0.0686008786948,0.0687169546317,0.0682526508842,0.0686008786948,0.0692199503582,0.0689877984844,0.0692586423372,0.0697616380636,0.0700324819163,0.0696842541057,0.0699164059795,0.071270625243,0.0710771653482,0.0709223974324,0.0711158573272,0.0705354776428,0.0694521022319,0.0687169546317,0.0689877984844,0.0680978829684,0.0678270391157,0.0663954358942,0.066588895789,0.0667436637048,0.0656989802729,0.0662793599573,0.0671692754733,0.066511511831,0.0663180519362,0.0659311321467,0.0660472080835,0.0670531995365,0.0670145075575,0.0662793599573,0.0671305834944,0.0672466594313,0.06655020381,0.0672853514102,0.0671692754733,0.0684074188,0.0692586423372,0.069374718274,0.0699550979584,0.0696455621267,0.0697229460847,0.0692586423372,0.0702646337901,0.0710384733693,0.0708837054534,0.0710384733693,0.071309317222,0.0709610894114,0.0701098658743,0.0700711738953,0.0706515535797,0.0709610894114,0.0712319332641,0.0708063214955,0.0705741696218,0.0694907942109,0.068446110779,0.0684074188,0.069413410253,0.0703033257691,0.0696068701478,0.0696068701478,0.0696842541057,0.0689491065055,0.0687556466107,0.0699550979584,0.0698777140005,0.0696068701478,0.0692973343161,0.0678270391157,0.0683300348421,0.0679044230736,0.068484802758,0.0693360262951,0.0714640851378,0.071348009201,0.0719283888853,0.0719283888853,0.0714640851378,0.0735147600227,0.0730117642962,0.0748302873073,0.0745981354335,0.0747529033494,0.0740564477281,0.0737856038754,0.0733599921068,0.0738242958543,0.0757975867813,0.0749463632442,0.0763005825077,0.0766101183394,0.0767648862553,0.0772291900028,0.078931637077,0.0800923964458,0.0822978392464,0.0829556028887,0.08365205851,0.0849675857946,0.0859735772476,0.0861283451634,0.0878694842166,0.0886046318168,0.0878307922376,0.0886046318168,0.0887593997326,0.089378471396,0.0896493152487,0.0895332393118,0.0887980917116,0.0886046318168,0.0886046318168,0.0887207077537,0.0892237034802,0.0891076275433,0.0891850115012,0.089339779417,0.0878307922376,0.0888367836906,0.0891076275433,0.0887207077537,0.0878307922376,0.0871343366163,0.0870956446374,0.0870956446374,0.0882950959851,0.0884885558799,0.0904231548279,0.090307078891,0.0902296949331,0.0914291462808,0.0921256019021,0.0920095259652,0.0920095259652,0.0920869099231,0.0910809184702,0.09034577087,0.0909261505544,0.0906939986806,0.0909261505544,0.0910035345123,0.0898427751435,0.0908487665964,0.0910035345123,0.0907713826385,0.0899588510804,0.0898814671225,0.0886433237958,0.0876760243218,0.086476572974,0.0853545055842,0.0859348852686,0.0852771216263,0.0854705815211,0.0850836617315,0.0851223537105,0.0858188093317,0.0851610456894,0.0861670371424,0.086553956932,0.0868248007847,0.086553956932,0.0863218050582,0.0857414253738,0.0862831130792,0.0871343366163,0.0858961932897,0.0855092735001,0.0846967419419,0.0850062777736,0.0850836617315,0.0848128178788,0.0850449697525,0.0856640414159,0.0849288938157,0.0842324381944,0.0856640414159,0.0857801173528,0.0857414253738,0.0854318895421,0.0851610456894,0.0852771216263,0.0843485141313,0.0836133665311,0.0850836617315,0.084619357984,0.0838455184048,0.0838455184048,0.0840776702786,0.0838842103838,0.0834972905942,0.0841163622575,0.0850449697525,0.0850836617315,0.0840002863206,0.0839615943417,0.0847741258998,0.0848128178788,0.0856253494369,0.0858961932897,0.0858575013107,0.0850449697525,0.0845032820471,0.0841937462154,0.0843485141313,0.0853158136053,0.0847741258998,0.0849288938157,0.0838842103838,0.0833038306994,0.0844645900682,0.085586657458,0.0858961932897,0.0863218050582,0.0870182606795,0.0861670371424,0.0862057291213,0.0863218050582,0.0871730285953,0.0881016360903,0.0875986403639,0.0872117205743,0.0868634927636,0.086515264953,0.0851223537105,0.0860509612055,0.0863218050582,0.086553956932,0.0848128178788,0.084580666005,0.0850836617315,0.0844258980892,0.0850449697525,0.0854318895421,0.0863991890161,0.0860122692265,0.0859348852686,0.0860896531844,0.0873664884901,0.0870569526584,0.0856640414159,0.085586657458,0.0853158136053,0.0855092735001,0.0858188093317,0.0858961932897,0.0872117205743,0.0879081761955,0.0882950959851,0.0894171633749,0.0905779227437,0.0908100746175,0.0919321420073,0.0919321420073,0.09034577087,0.0895332393118,0.0876373323428,0.0858575013107,0.0853158136053,0.0849288938157,0.0844645900682,0.084658049963,0.0834972905942,0.0834972905942,0.0849675857946,0.0852384296473,0.0853545055842,0.0862444211003,0.0871730285953,0.0866700328688,0.0867474168268,0.086476572974,0.0867474168268,0.0866313408899,0.0858961932897,0.0857801173528,0.0869408767216,0.0869021847426,0.0860509612055,0.0860122692265,0.0855092735001,0.0847741258998,0.0844645900682,0.0845032820471,0.0850062777736,0.0850449697525,0.0841550542365,0.0838842103838,0.0841550542365,0.0839615943417,