# R script for Peak Model
#  -- generated by MACS
p <- c(0.0290700663781,0.0342549771471,0.0392152084494,0.0442359303774,0.0490665389105,0.0491615956079,0.0491097465002,0.0490146898028,0.0489196331053,0.0492048031976,0.0493862750746,0.0489628406951,0.0489282746233,0.0490406143566,0.0492307277515,0.0490665389105,0.0491011049823,0.0492480107874,0.0492393692694,0.049144312572,0.049144312572,0.0492220862335,0.0493257844489,0.0490146898028,0.0490665389105,0.0494640487361,0.0493517090028,0.049645520613,0.0495850299874,0.0497232942745,0.0497060112386,0.0494899732899,0.0493689920387,0.0492566523053,0.0491961616797,0.0493430674848,0.0495158978438,0.04881593489,0.0487813688182,0.0487468027464,0.0485221232797,0.0490233313207,0.0495850299874,0.0501208041002,0.0499306907053,0.0499566152591,0.0497665018643,0.0502072192796,0.0502936344591,0.0505010308899,0.0510108804488,0.0511318617001,0.0503627666027,0.0500948795463,0.0503454835668,0.0498874831156,0.0500516719566,0.0502677099053,0.0506997858027,0.0506997858027,0.0505096724078,0.0503714081207,0.0507429933924,0.0510800125924,0.0511232201822,0.051486163936,0.0513046920591,0.0511318617001,0.0510454465206,0.0511405032181,0.0512182768796,0.0512614844693,0.0511059371463,0.0507775594642,0.050976314377,0.0511750692899,0.0514256733104,0.051650352777,0.0515466545616,0.0516157867052,0.0517194849206,0.0521256362642,0.0522466175154,0.0522725420693,0.0526182027872,0.0527219010026,0.052825599218,0.0526700518949,0.0527651085923,0.0527478255564,0.0527219010026,0.0524626554641,0.0524021648385,0.0527132594846,0.0523762402847,0.0521688438539,0.0525577121616,0.0529292974334,0.0531799014539,0.0530243541308,0.0529552219872,0.0530675617205,0.0530502786846,0.052652768859,0.0525145045718,0.052661410377,0.0523762402847,0.0521774853719,0.052151560818,0.0524972215359,0.0528601652898,0.0526700518949,0.0531107693103,0.0535082791359,0.0533872978846,0.0528601652898,0.0527478255564,0.0529033728795,0.0529552219872,0.0528428822539,0.0526009197513,0.0528515237718,0.0532231090436,0.0535860527974,0.0541131853923,0.0546835255769,0.0552711487973,0.0551847336179,0.0551069599563,0.0550205447768,0.0554699037102,0.0554699037102,0.0550723938845,0.0549168465615,0.0551328845102,0.0550983184384,0.0549773371871,0.0551760920999,0.0551501675461,0.0550723938845,0.0545625443256,0.0544502045923,0.0543983554846,0.0542168836077,0.0538020907461,0.054156392982,0.0539489965513,0.0541045438743,0.0542860157512,0.054830431382,0.0553057148691,0.0556168095153,0.0559192626435,0.0562476403255,0.0564636782742,0.0560834514845,0.0562476403255,0.0565500934537,0.0565155273819,0.0567402068486,0.0568698296178,0.056662433187,0.0568957541716,0.0568525465819,0.0572327733716,0.0573191885511,0.0574660943562,0.0576389247152,0.0573710376588,0.057509301946,0.0571982072998,0.0579327363254,0.0577858305203,0.0580450760588,0.05782903811,0.0577426229306,0.0576994153408,0.0573969622126,0.0576302831972,0.0574747358742,0.0575611510536,0.0576130001613,0.0576389247152,0.0575525095357,0.0573969622126,0.0579500193613,0.0583993782946,0.0584771519562,0.0587536805305,0.0588141711562,0.0594968510741,0.0596610399151,0.0601017573304,0.0605424747458,0.061173305556,0.0606375314432,0.0603523613509,0.0604992671561,0.0607325881407,0.0607239466227,0.0606375314432,0.0607671542125,0.0609659091253,0.0603955689407,0.0604474180484,0.0614930417201,0.0623831180688,0.0624608917303,0.0624608917303,0.0631522131662,0.0632127037918,0.0625818729816,0.0624176841406,0.0632731944175,0.0633768926329,0.0632299868277,0.0627287787867,0.0625040993201,0.0631176470944,0.0626596466431,0.0626077975355,0.0628843261098,0.0628929676278,0.0630657979867,0.0628151939662,0.0630485149508,0.0632731944175,0.0635756475457,0.0636620627251,0.0637484779046,0.0639558743354,0.0646385542533,0.0648113846123,0.0648027430943,0.0654162908687,0.0655113475661,0.066029838643,0.066522405166,0.0664359899866,0.0669890471352,0.0674902551762,0.0671359529404,0.0676025949096,0.067697651607,0.0677754252685,0.0678964065198,0.0675680288378,0.0676717270532,0.0684235391147,0.0684667467044,0.0685618034018,0.0689247471557,0.0692185587659,0.0693308984992,0.069529653412,0.0692704078736,0.0701259181505,0.0705320694941,0.0704888619043,0.0707394659248,0.0706444092274,0.0705234279761,0.0704975034223,0.0705579940479,0.0710073529812,0.0714221458427,0.0708345226222,0.0710332775351,0.0711542587863,0.0716122592376,0.0723381467452,0.073046751217,0.0731936570221,0.0734701855965,0.0734442610426,0.0739713936375,0.0748009793605,0.0752762628477,0.0755787159759,0.0756219235656,0.0756564896374,0.0752416967759,0.0755441499041,0.0753626780272,0.0756564896374,0.0759935088374,0.0759503012476,0.0758984521399,0.0765206414322,0.0775749066219,0.0778255106424,0.0789921155654,0.0792513611039,0.0804438905808,0.0806685700474,0.0807981928166,0.0812216271961,0.0818870240781,0.0823623075653,0.0824314397089,0.0835289124883,0.0850671026831,0.0863201227856,0.0872101991343,0.0895174844265,0.0914877505187,0.0939333000981,0.0949789237698,0.0967072273595,0.0983231912158,0.0999045890003,0.0999305135542,0.101114401513,0.10235013858,0.102635308672,0.10323157341,0.103413045287,0.104424102887,0.104752480569,0.105469726559,0.105469726559,0.106169689513,0.106627689964,0.107310369882,0.107500483277,0.107396785062,0.107241237738,0.107102973451,0.107388143544,0.106886935503,0.107535049349,0.107984408282,0.108805352487,0.1093411266,0.109997881964,0.110680561882,0.111492864569,0.112313808774,0.11258169583,0.113445847625,0.113411281554,0.113713734682,0.113419923071,0.113774225307,0.114024829328,0.114102602989,0.114085319953,0.115009962374,0.115450679789,0.115977812384,0.116997511502,0.117429587399,0.118181399461,0.11793079544,0.117887587851,0.118414720446,0.119054192774,0.119045551256,0.119520834743,0.119546759297,0.119252947687,0.119831929389,0.119875136979,0.120791137881,0.121854044589,0.122199705307,0.122363894148,0.122242912897,0.122337969594,0.122718196384,0.123729253984,0.123668763358,0.124731670066,0.124826726763,0.124792160691,0.125483482127,0.126001973204,0.126667370086,0.127427823666,0.12804137144,0.128196918763,0.129078353594,0.128870957163,0.129363523686,0.130175826373,0.130884430845,0.131333789778,0.132267073717,0.132310281306,0.132725074168,0.134029943378,0.134928661245,0.136008850988,0.136561908137,0.136777946086,0.136890285819,0.13714088984,0.137382852342,0.13835934387,0.139059306824,0.138877834947,0.139681496116,0.139975307727,0.140191345675,0.14046787425,0.142006064444,0.143561537675,0.144546670721,0.144866406885,0.145220709121,0.146370031008,0.146456446188,0.147623051111,0.148357580136,0.149524185059,0.149610600239,0.149869845777,0.149636524793,0.15078584668,0.151520375706,0.151805545798,0.151848753388,0.15179690428,0.15318818867,0.153577056977,0.154415284218,0.155115247172,0.156411474864,0.156981815049,0.157768193182,0.158312608813,0.159945855705,0.160818649018,0.161112460628,0.161656876259,0.161795140546,0.162953103951,0.163532085654,0.163972803069,0.164586350843,0.165390012013,0.166530692382,0.1672133723,0.168042958023,0.16948609152,0.169883601346,0.170151488402,0.171248961182,0.171568697346,0.172208169674,0.172640245571,0.172009414761,0.172968623253,0.173176019684,0.173685869243,0.174869757202,0.17580304114,0.176433871951,0.176693117489,0.177885646966,0.178611534473,0.179968252791,0.179674441181,0.181065725571,0.181273122002,0.182327387191,0.182681689427,0.183226105058,0.184323577837,0.184695163109,0.184721087663,0.185438333653,0.186466674288,0.186319768483,0.186777768935,0.187201203314,0.188022147519,0.188298676094,0.188488789488,0.188514714042,0.189672677447,0.190260300668,0.190934339068,0.191392339519,0.192204642206,0.192481170781,0.192541661406,0.192394755601,0.193924304278,0.194918078842,0.195661249385,0.19686242038,0.196888344934,0.198495667273,0.19917834719,0.199748687375,0.200120272647,0.201433783375,0.20162389677,0.202332501242,0.202220161508,0.20128687757,0.201926349898,0.202142387847,0.20229793517,0.202012765077,0.201995482042,0.201814010165,0.20120046239,0.201753519539,0.202332501242,