# R script for Peak Model
#  -- generated by MACS
p <- c(0.026421790756,0.0309563987354,0.035129937227,0.039399052936,0.0440504775144,0.0439761396787,0.0438274640072,0.0442522516399,0.0445071242196,0.0442097728767,0.0445920817461,0.0444646454563,0.0446770392727,0.0451124465962,0.044953151234,0.0450274890697,0.045069967833,0.0447619967992,0.0448681937074,0.0453673191759,0.0449850103064,0.0451336859779,0.045239882886,0.0448257149441,0.0449106724707,0.0447301377268,0.0448788133982,0.045123066287,0.0446982786543,0.0440504775144,0.0440292381328,0.0438274640072,0.0441566744226,0.0442841107124,0.0444646454563,0.04477261649,0.0444752651471,0.0442841107124,0.0444752651471,0.0444327863839,0.0446133211278,0.0445283636012,0.0443796879298,0.0442947304032,0.0439230412246,0.0438487033888,0.044538983292,0.044602701437,0.0444434060747,0.0446876589635,0.0442734910216,0.044602701437,0.0443690682389,0.0444115470022,0.0444752651471,0.0445602226737,0.0437743655531,0.0437637458623,0.0439655199879,0.0440610972052,0.0443265894757,0.044305350094,0.0439655199879,0.0440823365869,0.044305350094,0.0443265894757,0.0446451802002,0.0445602226737,0.0445708423645,0.0448788133982,0.0450487284513,0.0449212921615,0.0457602477361,0.0455903326831,0.0457921068086,0.0456221917555,0.0457496280453,0.0464505276393,0.0460575990791,0.045537234229,0.0456965295912,0.0457496280453,0.0454416570116,0.0455266145381,0.0454416570116,0.0459832612433,0.0461106975332,0.0456009523739,0.0462168944413,0.0463337110403,0.0461744156781,0.0463868094944,0.0461637959872,0.0462168944413,0.046354950422,0.0462275141322,0.0460894581515,0.0462487535138,0.0459301627892,0.0462593732046,0.0462593732046,0.0462912322771,0.0463868094944,0.046822216818,0.0460151203158,0.0457921068086,0.0457496280453,0.0450593481421,0.0453354601034,0.0453673191759,0.045770867427,0.0457496280453,0.0459620218617,0.0458345855719,0.04658858362,0.0466629214557,0.0474593982671,0.0479479040447,0.047990382808,0.0479266646631,0.0476293133202,0.0471514272333,0.0472151453783,0.0472788635232,0.0469177940353,0.0469496531078,0.0463018519679,0.0464186685669,0.0461000778423,0.046121317224,0.0460469793882,0.0465673442383,0.0459832612433,0.0459195430984,0.046121317224,0.0459089234076,0.0460682187699,0.0461106975332,0.0467372592914,0.0467372592914,0.0468540758904,0.0468434561996,0.047172666615,0.0470452303252,0.0472045256874,0.0478098480641,0.0479479040447,0.0482558750785,0.0480965797162,0.0486488036387,0.049041732199,0.0487656202377,0.0493072244695,0.0493497032327,0.0495408576675,0.0491479291072,0.0495620970491,0.0497107727206,0.0498275893196,0.0494346607593,0.0490948306531,0.0497320121022,0.0497532514838,0.0497107727206,0.0495727167399,0.0498488287012,0.0495727167399,0.0498063499379,0.0494452804501,0.0496470545757,0.0497638711747,0.0492647457062,0.0492859850878,0.049742631793,0.049625815194,0.0498275893196,0.0496682939573,0.0493284638511,0.0496470545757,0.0499656453002,0.0499231665369,0.0506240661309,0.0508895584014,0.0511019522178,0.0513568247974,0.0516010776862,0.0522064000629,0.0521639212996,0.0523019772802,0.0519833865557,0.0521745409904,0.05190904872,0.0515373595413,0.0515267398505,0.0515479792321,0.0512187688168,0.0510063750004,0.0512400081984,0.0514630217056,0.0516966549036,0.0522276394445,0.0525037514058,0.0527373846038,0.0524187938792,0.0528966799661,0.0529072996569,0.0530665950192,0.0532789888355,0.0529922571834,0.0529179193477,0.052493131715,0.0529391587293,0.0528754405844,0.0530665950192,0.053194031309,0.0536931567774,0.0537568749223,0.0537356355407,0.0544471548255,0.054829463695,0.0553498285451,0.0553073497818,0.0557746161778,0.055997629685,0.0560932069024,0.0563905582453,0.0570383593852,0.0576012029986,0.0575799636169,0.05774987867,0.0576436817618,0.0578773149599,0.0579622724864,0.0582065253752,0.0582277647569,0.0580684693946,0.0580047512497,0.05774987867,0.0575268651628,0.0574419076363,0.0572613728924,0.0571551759842,0.0577286392884,0.0581109481579,0.0581215678487,0.058631313008,0.0584932570273,0.0590879597131,0.0595977048724,0.0601817878674,0.061084461587,0.0618490793259,0.0621889094321,0.0627411333546,0.0632614982047,0.0635482298568,0.0638349615089,0.0635482298568,0.0636438070742,0.0639836371804,0.0638455811997,0.0631977800598,0.0634420329487,0.0631022028425,0.063303976968,0.0637287646007,0.0644190445039,0.064355326359,0.0647163958469,0.0644190445039,0.0650243668806,0.0656084498756,0.0654916332766,0.0657252664746,0.0661181950349,0.0661500541073,0.0655978301848,0.0661606737981,0.0664155463778,0.0671164459718,0.0677536274209,0.0679129227832,0.068273992271,0.0683801891792,0.0680722181454,0.0680934575271,0.0687837374303,0.0696439323866,0.0705041273428,0.0707802393041,0.0707165211592,0.0715236176614,0.0719059265309,0.0731802894291,0.0733714438638,0.0742316388201,0.074528990163,0.0746351870712,0.0739767662404,0.0740723434578,0.0741573009843,0.0743803144915,0.0748900596508,0.0754529032642,0.0766954070899,0.0767803646165,0.0777467564809,0.0788830633985,0.0804653973304,0.081484887649,0.0826424339482,0.0832796153973,0.0836619242667,0.0835982061218,0.083821219629,0.0848831887108,0.0855097504691,0.0855947079957,0.0852867369619,0.0857858624304,0.0855522292324,0.0864655226428,0.0866779164591,0.08785670214,0.0890992059657,0.0886000804973,0.0885363623523,0.0892478816372,0.0899381615404,0.0901611750475,0.0912125244386,0.0912125244386,0.0917859877428,0.091594833308,0.0916160726897,0.0932196460032,0.0938249683799,0.0938462077615,0.094578966428,0.095046232824,0.0956940339639,0.0962993563405,0.0966710455192,0.0971807906785,0.0981471825429,0.0983064779052,0.0988587018278,0.099368446987,0.100228641943,0.100451655451,0.10083396432,0.101237512571,0.102405678561,0.103212775063,0.10342516888,0.103191535682,0.103711900532,0.103786238367,0.103807477749,0.104518997034,0.104274744145,0.103903054966,0.103775618677,0.104104829092,0.104126068474,0.104742010541,0.104954404357,0.105952655294,0.107131440975,0.107927917787,0.109159801922,0.111326218848,0.112409427312,0.112239512259,0.113131566288,0.114119197534,0.115542236103,0.116434290132,0.116805979311,0.117294485088,0.117517498596,0.118037863446,0.118133440663,0.119588338305,0.120501631715,0.120894560276,0.120968898112,0.121245010073,0.12198838843,0.12302911813,0.123730017724,0.124154805357,0.126384940429,0.12640617981,0.127117699095,0.127415050438,0.128328343849,0.128891187462,0.129262876641,0.1297726218,0.131110702843,0.131450532949,0.130855830263,0.1318540812,0.131875320582,0.133468274205,0.13470015834,0.135900183402,0.136452407325,0.137153306919,0.1371745463,0.137971023112,0.139871947768,0.140870198705,0.141964026859,0.142909179342,0.143153432231,0.144650808636,0.1457340171,0.14599950937,0.147273872268,0.148261503515,0.148473897331,0.149408430123,0.150576596113,0.151043862509,0.15196777561,0.151989014992,0.153146561291,0.154920049658,0.155514752344,0.156066976266,0.156491763899,0.157171424111,0.157967900923,0.159093588149,0.16014493754,0.161589215492,0.162513128593,0.16312907066,0.164148560979,0.165008755935,0.165837091819,0.166516752031,0.167621199876,0.168502634214,0.169553983605,0.170626572378,0.171454908262,0.172962904358,0.174056732512,0.175437292319,0.175819601188,0.177242639758,0.1786975374,0.179791365554,0.181055108762,0.182053359698,0.182998512181,0.183518877031,0.184655183949,0.185749012103,0.187681795832,0.188934919349,0.189593340179,0.190219901938,0.190878322769,0.191313730092,0.192492515773,0.193458907637,0.194871326516,0.195890816835,0.197154560042,0.198673175829,0.199713905529,0.201487393896,0.20258122205,0.203983021238,0.205830847441,0.207179548175,0.207105210339,0.208114080967,0.208507009527,0.209101712213,0.210025625314,0.210684046145,0.212510632965,0.212807984308,0.212648688946,0.213158434105,0.215632822066,0.216556735167,0.217406310433,0.218096590336,0.219700163649,0.220241767881,0.220369204171,0.221813482122,0.223289619146,0.224967530295,0.224840094006,0.225774626798,0.227165806295,0.22801538156,0.227845466507,0.229587095801,0.230171178796,0.231233147878,0.231594217366,0.231668555202,0.232380074487,