# R script for Peak Model
#  -- generated by MACS
p <- c(0.0245600746093,0.0284644967267,0.0328504889344,0.0369549478586,0.0412149909657,0.0412372172776,0.0410964506358,0.0413631663782,0.0412520348189,0.0413335312957,0.0409705015352,0.041111268177,0.0406445156279,0.0404296612799,0.0401184929138,0.0398962297952,0.0396739666765,0.0396369228234,0.0392887106042,0.0393776158517,0.0395332000347,0.0393998421636,0.0394591123285,0.0396221052822,0.0397406456121,0.0399925438132,0.0400221788957,0.0398665947127,0.0401184929138,0.0404000261974,0.0404148437387,0.0403185297206,0.0406963770223,0.0404370700505,0.040466705133,0.0404815226742,0.0406889682516,0.0407482384166,0.0410519980121,0.0409630927646,0.0409853190765,0.0414668891669,0.040800099811,0.041170538342,0.0412964874426,0.0414298453138,0.0413483488369,0.0415261593318,0.0416743347443,0.0417706487623,0.0415187505612,0.0415335681025,0.041933641716,0.0416669259736,0.0416743347443,0.0414668891669,0.0414002102313,0.0416965610561,0.0415409768731,0.04138539269,0.0416372908912,0.0416298821205,0.0419114154041,0.0423337153295,0.0422151749996,0.0426893363194,0.0429930959148,0.0427486064843,0.0429264169792,0.0426671100075,0.042481890742,0.0425263433657,0.04269674509,0.0426893363194,0.0429930959148,0.0429041906674,0.042970869603,0.0430227309973,0.0428745555849,0.0435932063352,0.0442303606086,0.0443563097091,0.0443044483148,0.0442896307735,0.0443933535622,0.0442451781498,0.0442970395442,0.0445785728278,0.0447712008639,0.0447267482402,0.0443563097091,0.0439710536368,0.0438747396188,0.0440599588843,0.0440155062606,0.0439266010131,0.0436821115826,0.043400578299,0.0432820379691,0.0430523660798,0.0431560888685,0.0432672204278,0.043244994116,0.0433116730515,0.0431042274742,0.0433857607578,0.0437117466651,0.0435265273996,0.0437043378945,0.043556162482,0.0434524396933,0.0436302501883,0.0438525133069,0.043674702812,0.0439340097837,0.0439117834719,0.0442377693792,0.0445044851216,0.0443859447916,0.0448601061114,0.0450453253769,0.0454083551373,0.0452453621837,0.0453194498899,0.0453046323486,0.0453194498899,0.0448526973408,0.0449045587351,0.0449045587351,0.0448823324232,0.0446897043871,0.0442822220029,0.0442303606086,0.0443711272504,0.0445563465159,0.0443859447916,0.0448230622583,0.0452453621837,0.0452675884955,0.0451268218537,0.0455861656323,0.0459195603102,0.046178867282,0.0462159111351,0.0462381374469,0.0467345250785,0.0466530286017,0.0465715321249,0.0470753285271,0.0474828109113,0.0474902196819,0.0474976284525,0.0473790881226,0.0475494898469,0.0476309863237,0.0472827741045,0.0473494530401,0.0478902932954,0.048075512561,0.0480606950197,0.0480236511666,0.0483348195327,0.0485793089632,0.0486459878988,0.0490386527417,0.0493424123372,0.0495498579146,0.0494090912728,0.0491053316773,0.0488608422468,0.0493053684841,0.0490905141361,0.0494535438965,0.0496091280796,0.0492386895485,0.0494535438965,0.0496758070152,0.0496387631621,0.0502018297293,0.0506982173609,0.050461136701,0.0505426331778,0.0503574139123,0.0505870858016,0.0511946049925,0.0512094225337,0.0510242032682,0.050675991049,0.0504833630129,0.050735261214,0.050890845397,0.051224240075,0.0515354084411,0.0518095329541,0.051772489101,0.0520392048433,0.0521503364026,0.0526170889518,0.052750446823,0.0524985486218,0.0527726731348,0.0529727099416,0.0532764695371,0.053061615189,0.053120885354,0.0532468344546,0.0533727835551,0.0533801923258,0.0534024186376,0.0536987694625,0.0541136606173,0.0545507780839,0.0544989166896,0.0544840991483,0.0544692816071,0.0545804131664,0.0547730412025,0.0549582604681,0.0552842463754,0.0551731148161,0.055195341128,0.054921216615,0.0552768376048,0.0555139182647,0.0557732252364,0.0560992111437,0.0565807812341,0.0569141759121,0.0565733724635,0.0569956723889,0.0569586285358,0.0573364758375,0.0575883740386,0.0578180459279,0.0578995424047,0.0575957828092,0.0578402722397,0.0579217687166,0.0587515510261,0.0586404194668,0.0587367334849,0.0585441054487,0.0583292511007,0.0587219159436,0.0590775369335,0.0592923912815,0.0589812229154,0.0591516246397,0.058929361521,0.0588478650442,0.0595442894826,0.0602777577741,0.0606259699933,0.0608260068001,0.0609297295888,0.0614705698441,0.0617743294396,0.0617224680452,0.0620114100995,0.0631301344633,0.0629819590508,0.0626041117492,0.0626337468316,0.0628560099503,0.0630264116746,0.0631819958576,0.0637524711954,0.0643007202214,0.0647526552293,0.064211814974,0.064700793835,0.0652934954847,0.0656417077038,0.0659973286937,0.066323314601,0.0669160162507,0.0667604320676,0.0672345933874,0.0673975863411,0.0677976599546,0.0678643388902,0.0677828424134,0.0678791564315,0.067849521349,0.067849521349,0.0680125143026,0.0684125879162,0.0685385370167,0.0685681720992,0.0691905088314,0.0694794508856,0.070294415654,0.0708130295974,0.0713983224765,0.0717391259251,0.0716872645307,0.0723762801985,0.072739309959,0.0735616834979,0.0741395676064,0.0747767218798,0.0754509200063,0.0759991690323,0.07680672503,0.0781699388243,0.0793182982706,0.0797628245079,0.0805629717349,0.080933410266,0.0818595065937,0.0825485222614,0.0829263695631,0.0836672466252,0.0838228308083,0.0837191080196,0.0839117360557,0.0839858237619,0.0843784886049,0.0850675042726,0.0852156796851,0.085549074363,0.0861491847833,0.0868900618455,0.0870975074228,0.0871938214409,0.0873419968533,0.0885125826115,0.0890608316375,0.0897276209934,0.0899202490295,0.0901054682951,0.09016473846,0.0904907243674,0.0913649593007,0.0924244134995,0.0934394150746,0.0934764589277,0.0935060940102,0.0937209483582,0.0942247447604,0.0944395991085,0.0949878481344,0.094898942887,0.0949433955107,0.095328651583,0.0959954409389,0.096640003983,0.0975216476869,0.0973586547332,0.0984255177027,0.0997961402676,0.10066296643,0.101544610134,0.102774466057,0.103330123854,0.103367167707,0.104248811411,0.104500709612,0.105945419883,0.106093595296,0.106241770708,0.106323267185,0.107212319659,0.107590166961,0.107656845897,0.108442175583,0.108464401894,0.108782979031,0.109094147397,0.109427542075,0.10996097356,0.110538857668,0.110746303246,0.111176011942,0.11222805737,0.112931890579,0.11366535887,0.114176564043,0.114176564043,0.114517367492,0.115287879637,0.115524960296,0.115658318168,0.116088026864,0.116628867119,0.116510326789,0.116984488109,0.117755000253,0.119125622818,0.119918361275,0.120044310375,0.120881501456,0.121703874994,0.122200262626,0.122637380093,0.123185629119,0.12356347642,0.125023004233,0.125600888341,0.126038005808,0.126571437293,0.127623482721,0.12809023527,0.129120054386,0.130149873503,0.13118710139,0.13249845379,0.132824439697,0.133417141347,0.13440991661,0.135254516461,0.135536049744,0.136543642549,0.137328972235,0.13775127216,0.138240251021,0.138810726359,0.139240435055,0.13989981564,0.140707371638,0.142292848551,0.143085587007,0.143848690381,0.144811830562,0.145700883037,0.146841833712,0.147953149305,0.149634940236,0.15074625583,0.152161331018,0.152361367825,0.15313928874,0.154435823599,0.155035934019,0.156273198713,0.157466010783,0.158429150964,0.159088531549,0.159666415658,0.160014627877,0.16160010479,0.163267078179,0.164007955242,0.164993321734,0.166386170611,0.167030733655,0.167727158093,0.168490261467,0.170253548875,0.172468771291,0.173305962371,0.174632132312,0.175713812823,0.176795493334,0.178121663275,0.179647870023,0.181314843413,0.182440976547,0.183292985169,0.184033862231,0.184819191916,0.18593791628,0.187101093268,0.188249452714,0.18807905099,0.189123687647,0.189597848967,0.19059062423,0.191390771458,0.192094604667,0.19345040969,0.194650630531,0.195902712766,0.197221473936,0.199044031509,0.200636917193,0.201992722216,0.203919002578,0.205304442684,0.2063342618,0.207215905504,0.207964191337,0.209927515552,0.210912882044,0.212061241491,0.213424455285,0.213854163981,0.214691355061,0.215521137371,0.217076979201,0.218625412261,0.220218297945,0.221151803043,0.22183340994,0.223233667587,0.223878230631,0.225330349673,0.226145314442,0.228056777262,0.228931012195,0.230346087384,0.230983241657,0.231835250279,0.233820800805,0.234428319996,0.235295146159,0.236213833716,0.237028798484,0.237517777345,0.237858580794,