# R script for Peak Model
#  -- generated by MACS
p <- c(0.0402419153509,0.0469260924488,0.0537327167564,0.0605033271788,0.066921001526,0.0670146376276,0.0676124681223,0.0675980625682,0.0676989014469,0.0679149847582,0.0679582014205,0.0679582014205,0.0678933764271,0.0677565236632,0.068195893063,0.0679005792041,0.0675548459059,0.0672667348241,0.0669858265194,0.0670218404046,0.0671154765062,0.0670578542898,0.0672667348241,0.0674540070273,0.0675548459059,0.067727712555,0.0678717680959,0.0680302291909,0.0682102986171,0.0682319069482,0.0681742847318,0.0680518375221,0.067727712555,0.0676989014469,0.0674684125814,0.0673891820339,0.067086665398,0.0672811403782,0.0672811403782,0.0675980625682,0.0675908597912,0.0679582014205,0.0682895291645,0.0687144930102,0.0692835123968,0.0691178485247,0.0692258901804,0.0690386179772,0.0691322540788,0.0689665902068,0.0687721152266,0.0686280596857,0.0686928846791,0.0682463125023,0.0673891820339,0.0676916986698,0.0682679208334,0.0680878514073,0.0679293903123,0.0681454736236,0.0680662430762,0.0681454736236,0.0680158236368,0.0678213486566,0.0680158236368,0.068044634745,0.0673531681487,0.0675548459059,0.0675260347978,0.0669786237423,0.0671226792832,0.0671875042766,0.0668273654244,0.0670146376276,0.0670650570669,0.0665896737819,0.0666472959983,0.0667337293228,0.0668129598703,0.0670938681751,0.0672955459323,0.0674612098044,0.0673171542635,0.0676052653453,0.0679149847582,0.0680518375221,0.0681382708466,0.0679870125287,0.0682319069482,0.0681742847318,0.0683111374957,0.0679654041975,0.0681886902859,0.0677565236632,0.0676340764534,0.0678285514337,0.0679221875352,0.0677565236632,0.0674900209125,0.0673891820339,0.0670506515128,0.0670506515128,0.0673459653716,0.0676484820075,0.0672307209389,0.0671875042766,0.067396384811,0.0674900209125,0.0678357542107,0.0679077819812,0.0681166625155,0.0681886902859,0.0679149847582,0.0677997403255,0.0682247041711,0.0682175013941,0.0679293903123,0.06820309584,0.0682247041711,0.0679798097516,0.0679870125287,0.067878970873,0.0682247041711,0.0679870125287,0.0677493208862,0.0675908597912,0.0677421181091,0.0675836570141,0.0674828181355,0.0678357542107,0.0676916986698,0.0677637264403,0.0679870125287,0.0681454736236,0.0686496680168,0.0690098068691,0.0688657513282,0.0693555401672,0.0689881985379,0.0689881985379,0.0689017652134,0.0690098068691,0.0684768013677,0.0686928846791,0.0684912069218,0.0686136541316,0.0689017652134,0.0684840041448,0.0684695985907,0.0687865207807,0.068844142997,0.0684191791514,0.0687505068954,0.0688225346659,0.0683327458268,0.0679654041975,0.0677493208862,0.0678573625418,0.0678069431025,0.0672811403782,0.0673315598176,0.0676412792305,0.0675764542371,0.0676196708994,0.0684191791514,0.0687433041184,0.068678479125,0.0687433041184,0.0687937235577,0.0689449818757,0.069002604092,0.0692691068427,0.0689881985379,0.0690098068691,0.0692907151738,0.0691394568559,0.06915386241,0.0690098068691,0.0694923929311,0.0695500151474,0.0700758178717,0.0696580568031,0.0703927400617,0.0704647678322,0.069802112344,0.0700974262029,0.0700686150947,0.0702919011831,0.0704503622781,0.0707960955762,0.0705512011567,0.0711634372055,0.0711490316515,0.0712066538678,0.0715307788348,0.0714299399562,0.0716820371528,0.0717684704773,0.0717828760314,0.0718404982478,0.0713651149628,0.0713651149628,0.0710625983269,0.0708249066844,0.0706160261501,0.0708753261237,0.0710193816646,0.0706592428124,0.0704791733863,0.0706232289272,0.0709041372319,0.0706808511435,0.070752878914,0.0708321094615,0.0711490316515,0.0710337872187,0.0706808511435,0.0708321094615,0.0710409899958,0.0709689622253,0.0709545566712,0.0708969344549,0.0709401511171,0.0709473538942,0.0708825289008,0.0706376344812,0.0706088233731,0.0706664455894,0.0705295928256,0.0704719706092,0.071069801104,0.0713867232939,0.0714443455103,0.0715235760578,0.0714803593955,0.0717828760314,0.0722150426541,0.0724887481818,0.0724023148573,0.0725895870605,0.0722582593164,0.0723663009721,0.0723302870868,0.0726544120539,0.073000145352,0.072985739798,0.0731442008929,0.0734395147518,0.0735115425222,0.0731225925618,0.0733386758732,0.0732162286634,0.0731658092241,0.0729569286898,0.0725391676212,0.0728560898111,0.0725895870605,0.0721070009984,0.0724167204114,0.0727624537096,0.0728128731489,0.072827278703,0.0732090258863,0.0731153897848,0.0736483952861,0.0737564369418,0.0742822396661,0.0748944757149,0.0746855951806,0.0748008396133,0.0751393701344,0.0754851034326,0.0752834256753,0.0757516061833,0.0757948228455,0.0757227950751,0.0756867811899,0.0755787395342,0.0753770617769,0.0754058728851,0.0753770617769,0.075542725649,0.0754202784392,0.075391467331,0.075557131203,0.0756795784128,0.0757372006292,0.0753266423376,0.0759028645012,0.0762558005764,0.0762990172387,0.0767023727532,0.0772569865857,0.0773866365725,0.0772641893627,0.0774802726741,0.0776747476543,0.0783662142506,0.0786255142243,0.0789208280831,0.0793529947058,0.0791729252797,0.0795762807942,0.0797923641056,0.0802029223971,0.0804550195937,0.0811608917441,0.0813409611703,0.0814345972718,0.081621869475,0.0820036166584,0.0820684416518,0.0825438249368,0.0831704665397,0.0832352915331,0.0834801859527,0.0834441720674,0.0839051497983,0.0839555692376,0.0841356386638,0.0836746609329,0.0840492053392,0.0839627720147,0.083861933136,0.0843229108669,0.084488574739,0.0848487135912,0.0847694830437,0.0851872441123,0.0855761940728,0.0862028356757,0.0865557717509,0.0867286384,0.086894302272,0.0870095467048,0.0871824133538,0.0867430439541,0.0871608050227,0.0875641605372,0.0876577966388,0.0875641605372,0.0872616439013,0.0873984966652,0.0877586355174,0.0878738799502,0.0876794049699,0.0881908021401,0.0880899632615,0.0884645076679,0.0882700326876,0.0887166048644,0.0892352048117,0.0891703798183,0.0891415687101,0.0889759048381,0.089602546441,0.0895953436639,0.0900131047326,0.0898186297523,0.0901643630505,0.0897321964278,0.089768210313,0.0898114269753,0.0899122658539,0.0902579991521,0.0904236630241,0.0902291880439,0.0900203075096,0.0903444324766,0.0900131047326,0.0903012158144,0.0905317046798,0.0906901657748,0.09040925747,0.0903084185914,0.090402054693,0.0906541518896,0.0906613546666,0.0904668796864,0.0905893268962,0.0908270185387,0.0906109352273,0.0907549907682,0.0910286962959,0.0912879962695,0.0911151296205,0.0916121212366,0.0919578545347,0.0917993934397,0.0919794628659,0.0919218406495,0.0921019100756,0.0917489740004,0.0914752684727,0.091201562945,0.0912951990466,0.0907333824371,0.0910070879648,0.091201562945,0.0911655490598,0.0914176462563,0.0912519823843,0.0916481351218,0.0923107906099,0.092483657259,0.0923900211574,0.0925556850295,0.0920514906363,0.0920658961904,0.0922747767247,0.0917417712234,0.0921379239609,0.0921523295149,0.0921451267379,0.0923540072722,0.0924908600361,0.0926277127999,0.0929302294358,0.0928942155506,0.0928149850031,0.0930814877538,0.0928942155506,0.093275962734,0.093124704416,0.0930958933079,0.0932111377406,0.0933551932815,0.0935352627076,0.0934992488224,0.0936072904781,0.0940178487696,0.0944356098382,0.0942627431892,0.0944572181694,0.094867776461,0.0951414819887,0.0955304319491,0.09567448749,0.0960418291193,0.0960850457816,0.0963731568634,0.0962867235388,0.0962795207618,0.0963947651945,0.0963011290929,0.0962435068766,0.0961858846602,0.0959770041259,0.0961354652209,0.096466792965,0.0964163735256,0.0968341345943,0.097597628961,0.0977344817249,0.0979289567051,0.097424762312,0.0972086790006,0.0970358123515,0.0975039928595,0.097597628961,0.0974823845283,0.0976336428463,0.0969349734729,0.0966540651681,0.0966108485059,0.0969997984663,0.0974679789742,0.0979289567051,0.0979217539281,0.0981738511246,0.0984547594294,0.0981954594558,0.0984331510983,0.099189442688,0.0990165760389,0.0991966454651,0.0987716816194,0.0992110510191,0.0989445482685,0.0992110510191,0.0996000009796,0.0996288120878,0.0997296509664,0.0995351759862,0.100125803704,0.0999745453859,0.100637200874,0.10018342592,0.100752445307,0.10062279532,0.100413914786,0.100521956441,0.100831675854,0.100874892517,0.100896500848,0.101912092411,0.102048945175,0.10259635623,0.102927683974,0.103172578394,