# R script for Peak Model
#  -- generated by MACS
p <- c(0.0170921782475,0.0198218983353,0.0228030400102,0.0256001051661,0.0286755299361,0.0288236890856,0.0286620609225,0.0285453294714,0.0284779844034,0.0285543088138,0.0287787923736,0.0288730754688,0.0287428750041,0.0289853172487,0.0288371580992,0.0288191994144,0.0288371580992,0.0289179721807,0.0289449102079,0.0290751106726,0.0291244970558,0.0293220425885,0.0292995942325,0.0292187801509,0.029196331795,0.0294836707516,0.0296138712163,0.0299012101729,0.0300538589936,0.029833865105,0.0298832514881,0.0300134519528,0.0299595758985,0.0299820242545,0.0300538589936,0.0299685552409,0.0301885491295,0.0300987557056,0.0300224312952,0.0301840594583,0.0299865139257,0.0298518237897,0.0300718176784,0.0300538589936,0.0299550862273,0.0299101895153,0.0298069270778,0.0299056998441,0.0299101895153,0.0299326378713,0.0299865139257,0.0299820242545,0.0299999829392,0.0299999829392,0.0301930388007,0.0301930388007,0.030062838336,0.0300763073496,0.0301032453768,0.0299685552409,0.030085286692,0.0303187495942,0.0302244664991,0.030314259923,0.0302469148551,0.0302738528823,0.030426501703,0.030448950059,0.0304534397302,0.030655474934,0.0305118054557,0.0304309913742,0.0306285369068,0.0305297641405,0.0305252744693,0.0305252744693,0.0305971092085,0.0305073157845,0.0305028261133,0.0305477228253,0.0307587373716,0.0307766960564,0.0309428138906,0.0309338345483,0.0310999523825,0.0309113861923,0.0308530204667,0.0310101589586,0.0310999523825,0.0309338345483,0.0308575101379,0.031019138301,0.0308395514531,0.0309607725754,0.0307093509884,0.0309248552059,0.0309652622466,0.0308350617819,0.0309383242195,0.0312166838337,0.0312077044913,0.0310505659994,0.0311807664641,0.0313962706816,0.0315713678582,0.0316656509534,0.0317644237197,0.0317778927333,0.0318182997741,0.0316836096382,0.0318631964861,0.031885644842,0.0319215622116,0.0321595147851,0.0321999218258,0.0321235974155,0.0320831903747,0.0322807359074,0.0322313495242,0.0323570603177,0.0322807359074,0.0323301222906,0.0324019570297,0.032249308209,0.0325635851928,0.0327521513831,0.0327880687527,0.0327386823695,0.0326174612472,0.0326937856575,0.0328599034918,0.0330170419837,0.0329766349429,0.0328284757934,0.0326982753287,0.0327745997391,0.0328688828342,0.0330125523125,0.0333358086387,0.0334749884458,0.0336680443073,0.0336860029921,0.0336904926633,0.03386558984,0.0338341621416,0.0338162034568,0.0339419142503,0.0339059968808,0.0339374245791,0.033798244772,0.0337533480601,0.0336949823345,0.0338251827992,0.0338162034568,0.0339239555655,0.0337623274024,0.0337668170736,0.0338251827992,0.0338386518128,0.0337937551008,0.0339464039215,0.034072114715,0.0341978255086,0.0343370053157,0.0342112945222,0.0345839372315,0.0346108752587,0.0347186273674,0.0346692409843,0.0347949517778,0.0347365860522,0.0346737306555,0.0345345508484,0.034525571506,0.0350373940224,0.0351226977752,0.0352484085687,0.0351271874464,0.035369629691,0.0357692104276,0.0358769625363,0.0362406259033,0.0364067437376,0.036918566254,0.0366806136806,0.0366626549958,0.0368467315149,0.0370218286916,0.0371834568547,0.0371161117867,0.0369499939524,0.036963462966,0.0373989610721,0.0374214094281,0.0377311967407,0.0380634324093,0.038171184518,0.0383193436675,0.0384315854475,0.0385303582138,0.0388176971704,0.0388805525672,0.0387728004584,0.0386156619665,0.038876062896,0.0390376910591,0.0390870774422,0.0392531952765,0.0393384990293,0.0394148234396,0.0396572656843,0.0396527760131,0.0398458318746,0.0402813299807,0.0402364332687,0.0401556191872,0.040402551103,0.0404878548558,0.0408021318396,0.0412600783017,0.0413633407392,0.0416731280518,0.0415159895599,0.041358851068,0.0415204792311,0.0415833346279,0.041632721011,0.0418392458861,0.041951487666,0.0419559773372,0.0421625022123,0.0427775871663,0.0431951265876,0.0433522650795,0.0433881824491,0.0438685772672,0.0442187716206,0.0447395734794,0.0449416086833,0.0452064992839,0.0454669002134,0.04511670586,0.0452738443519,0.0455162865965,0.0456419973901,0.0455791419933,0.0455252659389,0.0455477142949,0.0456554664037,0.0456330180477,0.0459742330587,0.046117902537,0.0462795307001,0.0465174832735,0.0471415475699,0.0475905146896,0.047985605755,0.0480619301653,0.0482280479996,0.0485647733394,0.0487578292009,0.049260672375,0.049512093962,0.0499071850273,0.0500688131904,0.0502888070791,0.0504145178726,0.0509308300603,0.0513259211256,0.0516132600823,0.0513393901392,0.0516895844926,0.0522552830634,0.0525740497184,0.0527671055799,0.0533193351372,0.0537234055449,0.05392993042,0.0543519595125,0.054863782029,0.0556988608716,0.0559278341027,0.0562645594425,0.0566147537959,0.0572073903939,0.0575261570489,0.0580245105518,0.0584510293155,0.0590616245983,0.0593624325685,0.059510591718,0.0600538419329,0.0604264846422,0.060853003406,0.0609427968299,0.0611987080881,0.0617688963302,0.0621550080531,0.0624109193114,0.062904783143,0.0636410892194,0.0640720976543,0.0648667694562,0.0653920609863,0.0661059187066,0.0667389623454,0.0673181299298,0.0681038223893,0.0686380932618,0.0694956204604,0.0703441683167,0.0710086396539,0.0716506626351,0.0725979832577,0.0730738884046,0.0738685602064,0.0744432381197,0.0750134263617,0.0758080981636,0.0764411418024,0.0767599084574,0.0770652060988,0.0775276422321,0.0779406919822,0.0785153698955,0.0787623018113,0.0791214755071,0.0794312628197,0.0799969613905,0.0803965421271,0.0810161167523,0.0816581397335,0.0822777143587,0.0829197373399,0.0836874711146,0.0840197067832,0.0847605025307,0.0856180297293,0.0857886372348,0.0865833090367,0.0872343113603,0.0880155141486,0.088729371869,0.089344456823,0.0901930046792,0.0913558295193,0.0919349971037,0.092716199892,0.0936814791994,0.0942471777702,0.0950867462841,0.0957961143332,0.0964471166568,0.096770372983,0.0973585199099,0.0982070677661,0.0991454090463,0.10009721934,0.100496800077,0.101457589713,0.101744928669,0.10223430283,0.102822449757,0.103935888214,0.105076264698,0.106266027565,0.107047230353,0.107478238788,0.108807181463,0.109319003979,0.110136124137,0.111307928319,0.112304635325,0.113355218385,0.114100503804,0.114302539008,0.115195983576,0.115770661489,0.116691044085,0.117849379254,0.118819148232,0.119981973072,0.120736237833,0.12151295095,0.122217829328,0.123286371073,0.124301036764,0.125661407137,0.126662603814,0.1274752343,0.128445003279,0.129374365217,0.130222913073,0.131084929943,0.132072657606,0.133019978229,0.133693428908,0.13460034249,0.135377055607,0.136562328803,0.138052899641,0.138636556896,0.139880195818,0.140405487348,0.141770347392,0.142726647357,0.14397477595,0.145106173091,0.146466543464,0.14779997581,0.148621585639,0.149708086068,0.150529695898,0.151719458765,0.152029246077,0.15338961645,0.15485324926,0.155984646402,0.15699033275,0.157798473566,0.158970277748,0.160640435433,0.162193861668,0.164250131076,0.166090896267,0.167042706561,0.167868806061,0.169274073146,0.170508732725,0.17131687354,0.172565002133,0.173328246237,0.174459643378,0.175451860713,0.176268980871,0.177737103352,0.179321957285,0.180394988701,0.181045991024,0.182424320082,0.18421569889,0.185526682879,0.186819708184,0.187681725054,0.189086992138,0.190204920267,0.191147751218,0.193001985422,0.194510514945,0.195915782029,0.196643108763,0.197828381959,0.199274056085,0.200580550403,0.202075610912,0.203435981285,0.204329425853,0.205384498584,0.206987311201,0.208073811631,0.20953295477,0.210893325143,0.211198622784,0.212141453736,0.212729600663,0.213627534902,0.214758932044,0.215894818857,0.216698470001,0.218126185442,0.219369824363,0.220837946845,0.222692181049,0.22434438005,0.226203103925,0.227442253176,0.229345873763,0.230342580769,0.231482957253,0.232430277876,0.233193521979,0.234104925232,0.235213874018,0.236479961295,0.237225246714,0.238688879524,0.239887621734,0.24058352077,0.242338982208,0.244242602795,0.246330299902,0.248211472134,0.249571842506,0.250640384251,0.252566453195,0.253850499157,0.2541243691,0.255749630074,0.256800213134,0.257621822963,0.258573633257,0.259812782507,0.260971117676,0.262766986155,0.264015114747,0.265478747558,0.267772969539,0.269191705638,0.271324299456,