# R script for Peak Model
#  -- generated by MACS
p <- c(0.0370030013396,0.0427112683339,0.0482583607308,0.0543829954353,0.0601852809448,0.0600241063473,0.0598629317498,0.0599838126979,0.0601852809448,0.060131556079,0.0597689132346,0.060427042841,0.0610851724474,0.0610314475816,0.0615686962399,0.0624148628767,0.0619716327336,0.0618238893526,0.0615015401576,0.0616358523222,0.0619313390842,0.061837320569,0.0614075216424,0.0617433020538,0.0613403655601,0.0601718497283,0.0605076301398,0.0605210613562,0.0611388973132,0.0609642914993,0.0610851724474,0.0608031169018,0.0612597782614,0.0610314475816,0.061044878798,0.0609508602828,0.0605210613562,0.0604807677068,0.060427042841,0.0609105666335,0.0607628232524,0.0610851724474,0.0609642914993,0.0607628232524,0.0608568417676,0.0615955586728,0.0619582015171,0.0625088813919,0.0623477067944,0.0620253575994,0.0618507517855,0.0611254660968,0.0613269343436,0.0611791909626,0.0615015401576,0.0617298708374,0.0619447703007,0.0608434105512,0.0605613550056,0.0604404740575,0.0604404740575,0.0609374290664,0.0609105666335,0.0612329158284,0.0613806592095,0.0609105666335,0.0609105666335,0.0616358523222,0.0616358523222,0.0619716327336,0.0623745692273,0.0623745692273,0.0623342755779,0.0622268258463,0.0616492835386,0.0621731009805,0.0625760374742,0.0623477067944,0.0625491750413,0.062307413145,0.0623745692273,0.0618104581361,0.0621328073311,0.062159669764,0.0624148628767,0.062307413145,0.0621462385475,0.0623342755779,0.0628043681539,0.0625357438248,0.0622268258463,0.0630729924831,0.0622805507121,0.0623342755779,0.0622671194957,0.062011926383,0.0620387888159,0.0612732094778,0.0609508602828,0.0611388973132,0.0604941989233,0.0603867491916,0.0607896856854,0.0605882174385,0.0607359608195,0.0601181248625,0.0595271513384,0.0597689132346,0.0601987121612,0.0602255745942,0.0601584185119,0.0599838126979,0.0599032253992,0.0601718497283,0.0600643999967,0.0609105666335,0.0618104581361,0.0613269343436,0.0610045851487,0.0611254660968,0.0616358523222,0.061837320569,0.061514971374,0.0617164396209,0.0617030084044,0.0611926221791,0.0607762544689,0.0617970269196,0.0614881089411,0.0612329158284,0.0611791909626,0.0612732094778,0.0613806592095,0.060574786222,0.0603598867587,0.0606956671702,0.0611120348803,0.0608165481183,0.0610583100145,0.0608568417676,0.0609508602828,0.0607628232524,0.0615955586728,0.0622536882792,0.0625223126083,0.0627909369375,0.0622133946298,0.0618641830019,0.0622402570627,0.0627103496387,0.0625626062577,0.0627237808552,0.062011926383,0.0619716327336,0.0619582015171,0.0619984951665,0.0621999634134,0.0634490665439,0.0628580930198,0.0631401485654,0.0634490665439,0.0631401485654,0.0635027914097,0.063422204111,0.0637714157389,0.063717690873,0.0633684792451,0.0626028999071,0.0632744607299,0.0630058364008,0.0628715242362,0.062307413145,0.0622402570627,0.0625491750413,0.06262976234,0.0628446618033,0.0632341670806,0.0637848469553,0.0630864236995,0.0633953416781,0.0633147543793,0.0642818019642,0.0643086643971,0.0643086643971,0.0643086643971,0.0637311220895,0.0636639660072,0.0633819104616,0.0637579845224,0.0634087728945,0.0639057279034,0.0639728839857,0.0642415083149,0.0638788654705,0.0639594527693,0.0640131776351,0.0642012146655,0.0642549395313,0.0646713072415,0.0648727754884,0.0648459130554,0.064684738458,0.0641609210161,0.0646444448086,0.0643758204794,0.0642280770984,0.0641340585832,0.0637445533059,0.0633281855958,0.0637848469553,0.0636236723578,0.064187783449,0.0649399315706,0.0649265003542,0.0657055109087,0.065920410372,0.0659069791556,0.0663099156493,0.0667531457924,0.0662561907834,0.0662158971341,0.0658129606404,0.0654234553631,0.0652354183327,0.0647787569732,0.0652219871162,0.0651951246833,0.0651951246833,0.065302574415,0.0653160056314,0.065154831034,0.0655174738783,0.0657592357745,0.0660144288872,0.0661084474024,0.0660009976708,0.0661353098353,0.0663099156493,0.066068153753,0.0665919711949,0.0666456960607,0.0658801167226,0.066390502948,0.0663502092986,0.0661218786189,0.065920410372,0.0663099156493,0.0662964844328,0.0666994209265,0.0666188336278,0.0666054024113,0.0671157886367,0.0660815849695,0.0665113838961,0.0662024659176,0.0658398230733,0.0655711987441,0.0656517860429,0.0654906114454,0.0652219871162,0.0657995294239,0.065920410372,0.0669680452557,0.0667665770088,0.0674515690481,0.0685529287976,0.0690498838065,0.0690901774559,0.068740965828,0.0692513520534,0.0688752779926,0.0688349843432,0.0685260663647,0.0683648917672,0.0683648917672,0.0679082304077,0.0676396060785,0.0677336245937,0.0680291113558,0.0679485240571,0.06797538649,0.0684320478495,0.0686872409622,0.0692379208369,0.0694125266509,0.0700437938244,0.0700975186902,0.0704467303181,0.0705407488333,0.0711988784397,0.0716421085828,0.0720450450765,0.0724345503538,0.0723942567044,0.0724211191373,0.0721524948082,0.0725957249513,0.0725554313019,0.073468754021,0.0733344418564,0.0745029576882,0.075349124325,0.0765713650226,0.0779950739671,0.0803455368471,0.0830586425714,0.0857717482958,0.0880953487429,0.0894921952544,0.0917620708357,0.0928499993687,0.0943945892613,0.0952138934652,0.0963286844312,0.0964361341628,0.0959929040197,0.0963018219982,0.0972688695832,0.0976315124275,0.0974569066136,0.0981821923022,0.0982762108174,0.0991089462378,0.0994178642163,0.0994447266492,0.100599811265,0.100801279511,0.0999819753075,0.100572948832,0.10171460223,0.101566858849,0.101419115468,0.100855004377,0.100801279511,0.10129823452,0.100546086399,0.100116287472,0.100895298027,0.100640104914,0.100546086399,0.100304324502,0.100331186935,0.101096766273,0.10133852817,0.101445977901,0.101916070477,0.101875776828,0.101190784789,0.101607152499,0.1015265652,0.102265282105,0.102990567794,0.102198126023,0.102466750352,0.102936842928,0.103568110102,0.104347120656,0.104468001604,0.104951525397,0.10493809418,0.105005250263,0.105085837561,0.105743967168,0.105421617973,0.105152993644,0.105314168241,0.10497838783,0.10562308622,0.105542498921,0.105770829601,0.105327599457,0.105663379869,0.105757398384,0.106173766094,0.10581112325,0.105314168241,0.105488774055,0.105905141765,0.105676811085,0.105932004198,0.10645582164,0.105448480406,0.106173766094,0.106549840155,0.107127382463,0.106496115289,0.106415527991,0.106187197311,0.106482684073,0.105663379869,0.105139562427,0.106079747579,0.104991819046,0.10516642486,0.104682901068,0.105300737025,0.105448480406,0.105435049189,0.10558279257,0.106214059744,0.107046795164,0.106603565021,0.107248263411,0.106885620567,0.107422869225,0.108013842749,0.108201879779,0.108336191944,0.107879530584,0.107637768688,0.107718355987,0.108604816273,0.109101771282,0.109692744806,0.110028525218,0.110082250083,0.110122543733,0.110592636309,0.110538911443,0.111304490781,0.111868601872,0.112298400799,0.112325263232,0.112822218241,0.112513300262,0.112916236756,0.113198292301,0.113910146774,0.114823469493,0.115159249904,0.114622001246,0.113614660012,0.113977302856,0.113171429869,0.113587797579,0.113789265826,0.114084752588,0.114219064752,0.113856421908,0.113896715557,0.114877194359,0.115239837203,0.115535323965,0.116999326559,0.117053051425,0.117536575217,0.117241088455,0.116717271013,0.11802009901,0.118140979958,0.119175183625,0.119887038097,0.120034781478,0.119537826469,0.12101526028,0.121780839618,0.122882199367,0.123607485056,0.123594053839,0.124399926827,0.123902971818,0.124413358043,0.124023852766,0.124534238991,0.123607485056,0.122949355449,0.123714934787,0.124225321013,0.123808953303,0.123352291943,0.124077577632,0.124225321013,0.124507376558,0.124816294537,0.125420699277,0.125205799814,0.125058056433,0.124883450619,0.125944516719,0.126065397667,0.125783342122,0.126253434698,0.127448812963,0.128012924054,0.128563603928,0.129409770565,0.129638101245,0.130282799635,0.130766323427,0.130954360458,0.131881114393,0.132163169939,0.132431794268,0.132942180494,0.133895796862,0.13484941323,0.135440386755,0.135332937023,0.136246259742,0.137401344357,0.137522225305,0.137669968686,0.137978886665,0.137078995162,0.136340278257,0.136434296772,0.13636714069,0.137334188275,0.137602812604,0.137508794089,0.137414775574,