# R script for Peak Model
#  -- generated by MACS
p <- c(0.0341103669842,0.039445480343,0.0453914116891,0.0507647011721,0.0565292959282,0.0565579280214,0.056491119804,0.0565388399593,0.0558134935992,0.0556226129782,0.0558898458477,0.0561666227482,0.0561093585619,0.0563384153072,0.0562716070898,0.0563288712761,0.0565674720525,0.0560043742203,0.0565770160835,0.0564433996488,0.0564720317419,0.0569301452325,0.0570733056983,0.0570637616672,0.0571210258535,0.0572737303504,0.0576554915925,0.0579895326794,0.0581422371762,0.0580467968657,0.0578750043067,0.057741387872,0.0573023624436,0.0569587773256,0.0569969534498,0.056844248953,0.0566151922077,0.0570923937604,0.0565865601146,0.0569110571704,0.0571019377914,0.0571592019778,0.0573691706609,0.0580086207415,0.0579513565552,0.057913180431,0.0579704446173,0.0573978027541,0.0577509319031,0.0571210258535,0.0571496579467,0.0566820004251,0.0565006638351,0.0564052235245,0.0556894211956,0.0559852861582,0.0553935562329,0.0555080846055,0.0548590904939,0.0552790278603,0.0553458360776,0.0553935562329,0.0555271726677,0.0556703331334,0.056300239183,0.055956654065,0.0566438243009,0.0567010884872,0.0571114818225,0.0570064974809,0.0567201765493,0.0565483839903,0.0563384153072,0.0559661980961,0.0560330063135,0.0559089339098,0.0560425503445,0.0562047988724,0.0563861354624,0.0562811511209,0.056491119804,0.0570351295741,0.0572832743814,0.0574264348472,0.0570923937604,0.057741387872,0.0576268594994,0.0575123311267,0.0574646109715,0.0579036363999,0.0577795639962,0.0577318438409,0.0576459475615,0.0578177401204,0.0580658849278,0.057913180431,0.0578272841515,0.058104061052,0.0581422371762,0.0574932430646,0.0573119064746,0.0571496579467,0.0574455229093,0.0572450982572,0.0575886833751,0.0575505072509,0.0577891080273,0.0575982274062,0.0579799886483,0.058638526791,0.0590584641573,0.0589534798158,0.0588771275673,0.0590489201263,0.0584858222942,0.0584094700457,0.0579609005862,0.0575123311267,0.0571401139156,0.0572450982572,0.0572164661641,0.0571687460088,0.0572832743814,0.0574741550025,0.0579322684931,0.0578081960894,0.058285397642,0.0588389514431,0.0590202880331,0.0585526305115,0.0581804133004,0.0582185894247,0.0574550669404,0.0568824250772,0.0566247362388,0.0567488086425,0.0566342802698,0.0563575033693,0.0558325816614,0.0560330063135,0.0567010884872,0.0569206012014,0.0574741550025,0.057569595313,0.057569595313,0.0576364035304,0.0576459475615,0.0581136050831,0.0582185894247,0.0582567655489,0.0580277088036,0.0579799886483,0.0580658849278,0.0583522058594,0.0586862469463,0.0587244230705,0.05917299253,0.05881031935,0.05881031935,0.0586480708221,0.0585239984184,0.0586576148531,0.0583522058594,0.0583903819836,0.0585717185736,0.0584476461699,0.0578750043067,0.0579513565552,0.0581422371762,0.0584762782631,0.0587530551636,0.0584285581078,0.0585908066357,0.0590298320642,0.059001199971,0.0593352410579,0.0590680081884,0.0588962156294,0.0589439357847,0.0587530551636,0.0581995013626,0.0582281334557,0.0585335424494,0.0580754289589,0.0576936677167,0.0574168908162,0.0578654602757,0.0579609005862,0.0580467968657,0.0580086207415,0.058457190201,0.0586671588842,0.0583140297352,0.058104061052,0.0583712939215,0.0580754289589,0.0578081960894,0.0580849729899,0.0580086207415,0.0579513565552,0.0579895326794,0.0580658849278,0.0584094700457,0.0584094700457,0.0582281334557,0.0588580395052,0.0592779768716,0.0596788261758,0.0597647224553,0.0604137165669,0.0602801001322,0.0601273956353,0.0601655717595,0.0603850844737,0.0606427733122,0.060432804629,0.0603469083495,0.0601083075732,0.0602419240079,0.0600128672627,0.0598315306727,0.0599556030763,0.0599651471074,0.0602323799769,0.0602991881943,0.0600987635421,0.0602037478837,0.0600987635421,0.060423260598,0.0602991881943,0.0608718300575,0.0611104308338,0.0614540159517,0.0611676950201,0.0608813740885,0.0612822233927,0.0615208241691,0.0615208241691,0.0608622860264,0.061148606958,0.0612345032375,0.0611581509891,0.0610531666475,0.0611104308338,0.0616067204486,0.061320399517,0.0608336539332,0.0609481823059,0.0613013114549,0.0615780883554,0.0618834973491,0.0620266578149,0.0619312175044,0.0622938906844,0.0619216734733,0.0627329161128,0.0630955892929,0.0635441587524,0.0636968632492,0.0636395990629,0.0632578378208,0.0638113916218,0.0641072565845,0.0643363133298,0.0645367379819,0.0645271939508,0.065090291783,0.0651189238761,0.0654338769009,0.0651093798451,0.0653479806214,0.0652907164351,0.0653002604662,0.0649566753482,0.0656056694599,0.0651284679072,0.064727618603,0.0641454327087,0.064374489454,0.0650616596898,0.0651093798451,0.0654147888388,0.0655770373667,0.0666268807825,0.0665791606273,0.0676671801674,0.0680775735026,0.0687742877695,0.0690033445148,0.0691846811048,0.0694328259122,0.0695664423469,0.069938659558,0.0694232818811,0.0694614580054,0.0697954990922,0.0698718513406,0.0705303894833,0.0711221194086,0.0712080156881,0.071914273986,0.0723628434455,0.073164542054,0.0742621056251,0.0754551095068,0.0757223423763,0.0764858648605,0.0770585067237,0.0770203305995,0.0780988061085,0.0780701740154,0.0783946710712,0.078900504717,0.0791868256486,0.0787955203754,0.0791104734002,0.0795685868907,0.0795017786733,0.0797022033255,0.0795399547976,0.0801794048781,0.0799217160397,0.0796735712323,0.0795399547976,0.079969436195,0.0803511974371,0.0802175810023,0.0807902228655,0.0814678490703,0.0820404909335,0.0828612776041,0.0833384791567,0.0839683852063,0.0843692345105,0.0849609644358,0.0850659487774,0.0856099585474,0.0857626630443,0.086258952659,0.0863925690938,0.0867266101806,0.0874137804165,0.0877478215033,0.0881773029007,0.0881295827455,0.0889980895713,0.0890267216645,0.0890744418197,0.0890458097266,0.0886926805776,0.0884827118944,0.0883872715839,0.0879959663107,0.0877669095654,0.0878432618139,0.0875378528202,0.087681013286,0.0879005260002,0.0881773029007,0.0885972402671,0.0884254477081,0.0889026492608,0.0892557784097,0.0898093322108,0.0909068957819,0.0910500562477,0.0918612988873,0.0920617235394,0.0926629974957,0.0930829348621,0.0938178252532,0.0940946021537,0.0950776373522,0.0960606725507,0.0959556882091,0.096289729296,0.0962610972028,0.0967955629418,0.0966142263518,0.0969578114697,0.0971009719355,0.0976258936434,0.0970437077492,0.0974159249602,0.0981030951961,0.0978454063576,0.0984657683761,0.0985707527177,0.0991433945809,0.0998496528788,0.0999641812515,0.100202782028,0.101014024667,0.100269590245,0.1003173104,0.101443506065,0.1018538994,0.102521981574,0.102951462971,0.103400032431,0.103867689952,0.103839057859,0.104516684064,0.105232486393,0.105461543138,0.105547439418,0.1054806312,0.106100993219,0.10611053725,0.106874059734,0.107122204541,0.10810523974,0.10747533369,0.108420192765,0.109307787653,0.109660916802,0.110328998975,0.110624863938,0.11127385805,0.111397930453,0.112409597745,0.112438229838,0.113564425502,0.113564425502,0.113535793409,0.113917554651,0.114709709229,0.114938765974,0.115912257141,0.115310983185,0.115597304117,0.116379914663,0.117410670017,0.11852732165,0.118899538861,0.119624885221,0.119624885221,0.120187983053,0.119300388165,0.120397951736,0.120359775612,0.120741536854,0.120980137631,0.121400074997,0.121867732519,0.122163597481,0.122478550506,0.122974840121,0.124845470207,0.125456288195,0.127088317505,0.128414937821,0.12913074015,0.129149828212,0.129569765579,0.130295111939,0.131612188224,0.131717172566,0.131249515044,0.13203212559,0.131545380007,0.130896385895,0.130342832094,0.130781857522,0.131297235199,0.132356622646,0.132327990553,0.133597346683,0.134542205757,0.135181655838,0.136928213521,0.137949424843,0.139228325004,0.140192272141,0.140554945321,0.14027816842,0.14072673788,0.141232571526,0.142024726103,0.142291958973,0.1421774306,0.142855056805,0.14290277696,0.144076692779,0.144887935419,0.146042763176,0.14752208799,0.147684336518,0.148781900089,0.149469070325,0.150490281647,0.150919763045,0.151654653436,0.151311068318,0.152685408789,0.152914465535,0.153162610342,0.153744796236,0.154603759031,0.155825395006,0.156168980124,0.156522109273,0.157142471291,0.15830684308,0.159919784328,0.160692850843,0.161456373327,