# R script for Peak Model
#  -- generated by MACS
p <- c(0.0378745350384,0.0441177975373,0.0506298409746,0.0569721280297,0.0635454723827,0.0636727896693,0.0640877497146,0.0641584815405,0.0644084006586,0.0649506779905,0.0649695398107,0.0652100280188,0.0648657997994,0.0650591334569,0.064672466142,0.064281083372,0.0645404334003,0.0648988079848,0.0644602706643,0.0642056360911,0.0640264487988,0.0641066115348,0.0642575060967,0.0639085624223,0.0644885633946,0.0649318161702,0.0645074252149,0.0644036852036,0.06491295435,0.0653279143953,0.0656438498842,0.0655684026033,0.0654599471369,0.0656957198899,0.06530433712,0.0651864507435,0.0655071016875,0.0655825489685,0.0653750689458,0.0654080771313,0.0651911661985,0.0650449870917,0.0652854752997,0.0652430362042,0.0654882398673,0.0656391344292,0.0652477516592,0.0650779952771,0.0652241743839,0.065153442558,0.0652430362042,0.0652477516592,0.0651958816536,0.0653939307661,0.0654929553223,0.0655778335134,0.0657664517158,0.0656674271595,0.0657428744405,0.0659079153676,0.0660305171991,0.0664030381488,0.0663181599578,0.0662945826825,0.0660022244688,0.0662898672274,0.0663700299634,0.0663558835982,0.0661201108453,0.0657570208057,0.0657617362607,0.0654552316819,0.0658324680866,0.0661625499408,0.0662945826825,0.0662097044914,0.0662804363173,0.066492631795,0.066968892756,0.0671480800482,0.066733120003,0.0668179981941,0.0666859654524,0.0666859654524,0.0667189736378,0.0663275908679,0.0663653145084,0.066733120003,0.0662238508566,0.0662474281319,0.0666199490816,0.0666340954468,0.0668227136491,0.0667661281884,0.0670301936718,0.0672235273292,0.0672565355146,0.0666718190872,0.0671433645932,0.0672140964191,0.0673508446158,0.0677752355712,0.0676903573801,0.067209380964,0.0667566972783,0.0668368600143,0.0667095427277,0.0668651527447,0.0667189736378,0.0668321445593,0.0667708436435,0.0667802745536,0.0667001118176,0.0670584864021,0.067129218228,0.0671245027729,0.0669170227503,0.0669028763851,0.0670301936718,0.0667944209188,0.0668510063795,0.0665916563512,0.0668462909244,0.0665963718063,0.0666199490816,0.066652957267,0.067049055492,0.0670396245819,0.0665114936152,0.0665445018006,0.0663841763286,0.066181411761,0.0659362080979,0.0662191354015,0.0662238508566,0.0662992981375,0.065865476272,0.0659692162834,0.0664218999691,0.0665303554354,0.0665539327107,0.0667566972783,0.0667661281884,0.0664643390646,0.0667095427277,0.066492631795,0.0667661281884,0.0669311691155,0.0668698681997,0.06688873002,0.0670349091268,0.0671716573235,0.0675158855429,0.0677752355712,0.0679261301331,0.0682986510828,0.0688456438697,0.0685910092965,0.0689776766114,0.0688409284146,0.0686240174819,0.0686145865718,0.0683599519986,0.0685108465605,0.0686145865718,0.068397675639,0.067761089206,0.0680958865152,0.0679827155938,0.0680723092399,0.0681006019703,0.0680393010545,0.0681666183411,0.0679544228634,0.0678884064926,0.0678035283015,0.0679072683128,0.0676762110149,0.0676432028295,0.0677563737509,0.068237350167,0.0686947493078,0.0684165374593,0.0689163756956,0.0687466193134,0.0689823920664,0.0691002784429,0.0691238557182,0.0692511730048,0.0694916612128,0.0694539375724,0.0691615793587,0.0694963766679,0.0692417420947,0.0694397912072,0.0693360511959,0.0692747502801,0.0695576775837,0.0696661330501,0.0694586530274,0.0694445066623,0.0694822303027,0.0694586530274,0.0698736130727,0.0703357276685,0.0707365413486,0.0708167040846,0.071005322287,0.0707884113542,0.0708308504498,0.0709345904611,0.0710949159331,0.0710336150173,0.0707176795283,0.0704583295001,0.0704819067754,0.0704724758652,0.0703875976742,0.0706186549721,0.0708308504498,0.0709534522813,0.0711515013938,0.0714485750626,0.0716702014504,0.0714438596075,0.0714627214277,0.0717079250908,0.0717079250908,0.0718541041977,0.0722407715126,0.0723303651587,0.0720757305855,0.0724529669903,0.0726180079173,0.0731744316144,0.0735658143843,0.0739666280644,0.0741646771769,0.0738204489575,0.0736554080304,0.0735846762046,0.0738393107778,0.0737591480418,0.0739760589745,0.0737119934912,0.0734102043674,0.073306464356,0.0733111798111,0.0737591480418,0.0739666280644,0.0742684171882,0.0745324826715,0.074414596295,0.0743061408287,0.0743202871938,0.0741505308117,0.0745136208513,0.0747116699638,0.0745749217671,0.0744523199355,0.0742212626376,0.0743485799242,0.0744947590311,0.0745466290367,0.0751643536495,0.0754331345879,0.0752916709361,0.0751454918293,0.075758500987,0.0761263064817,0.0763290710492,0.0762960628638,0.0765978519876,0.076861917471,0.0766544374483,0.0768289092855,0.0769043565665,0.0770458202183,0.0767157383641,0.0767487465495,0.0770411047632,0.0772533002409,0.0777767157525,0.0775220811793,0.0776069593704,0.07757866664,0.0779087484942,0.0780172039605,0.0785877740228,0.0788046849555,0.0789084249668,0.0786726522138,0.0784793185564,0.0788329776859,0.0793092386469,0.0793516777424,0.0796628977763,0.0801344432823,0.08034663876,0.0809879406481,0.0816669661767,0.082798675391,0.0835107091049,0.0844915237573,0.0853591674883,0.0869907149389,0.0879620986812,0.0894333206598,0.090324541666,0.0907536480764,0.0916401536276,0.0922012927797,0.0925125128137,0.0931632456119,0.0935121892863,0.0933707256345,0.093328286539,0.0934320265503,0.0933188556288,0.0934556038256,0.0937762547696,0.0939271493315,0.0939743038821,0.0936866611235,0.0937102383988,0.0942619466408,0.0945118657589,0.0944647112083,0.0950399967256,0.0950164194503,0.0948985330738,0.0950635740009,0.0954266640405,0.0959029250015,0.0961151204792,0.0960538195634,0.0960160959229,0.0962047141253,0.0962848768613,0.0967469914572,0.0965017877941,0.0965536577997,0.0966762596313,0.0964923568839,0.0969026014741,0.0972043905979,0.0975863424578,0.0973788624351,0.0973364233396,0.0975674806375,0.0979164243119,0.0983125225369,0.0991141498971,0.0994725244816,0.0991188653521,0.0990528489813,0.0988312225935,0.0996045572232,0.100146834555,0.100783420988,0.10092488464,0.100703258252,0.100410900038,0.100712689162,0.100769274623,0.101023909196,0.101839682921,0.10175480473,0.101566186528,0.101278543769,0.101839682921,0.101839682921,0.101896268382,0.10252813936,0.103207164889,0.1033109049,0.10330147399,0.1033109049,0.103386352181,0.103480661282,0.103287327625,0.103909767693,0.104037084979,0.103905052238,0.103669279485,0.10409367044,0.104140824991,0.10449448412,0.105112208733,0.10564977061,0.10570635607,0.106149608846,0.106456113425,0.106536276161,0.107054976217,0.106526845251,0.106795626189,0.106668308902,0.106474975245,0.105937413368,0.106177901576,0.106229771582,0.106196763397,0.106352373413,0.10643253615,0.106951236206,0.106913512566,0.107432212622,0.107347334431,0.108247986347,0.108290425443,0.108606360932,0.109186361904,0.109488151028,0.109794655607,0.11003042836,0.110398233855,0.110530266596,0.111039535743,0.111180999394,0.111676122176,0.11120457667,0.111209292125,0.111317747591,0.111001812102,0.111402625782,0.111506365794,0.111685553086,0.112185391322,0.112501326811,0.113142628699,0.113552873289,0.113637751481,0.113703767851,0.114637427953,0.115160843465,0.115887023544,0.116202959033,0.116268975404,0.115854015359,0.115773852623,0.115901169909,0.116415154511,0.117259220966,0.11676881364,0.116877269106,0.116542471797,0.116966862753,0.117287513697,0.117909953764,0.118320198355,0.119428330294,0.119494346665,0.119371744833,0.120163941283,0.120305404935,0.120956137733,0.120809958626,0.120545893143,0.120734511345,0.120791096806,0.120145079463,0.120404429491,0.120385567671,0.120767519531,0.120993861373,0.121262642312,0.12147483779,0.122059554217,0.122064269672,0.121743618728,0.122186871504,0.122337766065,0.122738579745,0.122318904245,0.122394351526,0.122257603329,0.1223236197,0.121965245116,0.122436790622,0.123224271617,0.123238417982,0.123408174364,0.123261995257,0.123752402583,0.123733540763,0.123926874421,0.124506875393,0.125478259135,0.125449966405,0.12544525095,0.125940373731,0.126128991933,0.126492081973,0.126949481114,0.127373872069,0.127713384833,0.12748704299,0.127699238468,0.127826555755,0.127986881227,0.127732246654,0.128052897598,0.1282415158,0.128340540356,0.12864232948,0.12820379216,0.128283954896,0.128255662165,