# R script for Peak Model
#  -- generated by MACS
p <- c(0.0331903833801,0.038725173529,0.0440396735226,0.0495928211844,0.0551092538203,0.0547971761005,0.054944036204,0.0544024895725,0.0547145672923,0.0546962097794,0.0544850983807,0.0544208470854,0.0544116683289,0.0542280931996,0.054393310816,0.0547971761005,0.0545860647018,0.0545585284324,0.0544667408677,0.0541913781738,0.0542280931996,0.053860942941,0.0540628755832,0.054273986982,0.0538793004539,0.0539619092621,0.0539160154798,0.0547237460488,0.0547696398311,0.0550174662557,0.0553295439755,0.0555406553742,0.0554213315402,0.0553295439755,0.0555406553742,0.0548889636652,0.0548247123699,0.0544116683289,0.0544024895725,0.05466867351,0.054136305635,0.0542372719561,0.0540169818009,0.0536773678117,0.053585580247,0.0542189144432,0.0543382382772,0.0544024895725,0.0543841320595,0.0536957253246,0.053998624288,0.0538884792104,0.0541454843914,0.0548247123699,0.0548797849087,0.0551735051156,0.0552193988979,0.0554947615919,0.0555498341307,0.056265777135,0.055990414441,0.0561739895704,0.0556966942341,0.0550541812815,0.0551918626285,0.0551092538203,0.0545126346501,0.0539160154798,0.0539527305057,0.0535029714388,0.0531725362061,0.0530440336155,0.0535947590035,0.0538517641845,0.0539343729927,0.0532000724755,0.0538334066716,0.0542831657384,0.0540169818009,0.054117948122,0.054787997344,0.0548338911264,0.0543749533031,0.0542923444949,0.0540536968268,0.0544667408677,0.0541821994173,0.0542097356867,0.0543657745466,0.0543841320595,0.0541638419044,0.0543749533031,0.0549807512298,0.0549348574475,0.0551276113333,0.0550908963074,0.0556416216953,0.0557242305035,0.055595727913,0.0551643263591,0.0554305102966,0.0554305102966,0.0551459688462,0.0555314766178,0.0554855828354,0.0556049066695,0.0553111864626,0.0553662590014,0.0558619118505,0.0562474196221,0.0558619118505,0.055871090607,0.0558160180682,0.0556599792083,0.055871090607,0.0559812356846,0.056265777135,0.0558802693635,0.05573340926,0.0557058729906,0.0555498341307,0.0556232641824,0.0560271294669,0.0558068393117,0.0554947615919,0.0555498341307,0.0552193988979,0.0552561139238,0.0551551476027,0.0554029740272,0.0558619118505,0.0556232641824,0.0552652926803,0.0552377564109,0.0555222978613,0.0550817175509,0.0550082874992,0.0550541812815,0.0551092538203,0.0543015232514,0.0542648082255,0.0542923444949,0.0543657745466,0.0549899299863,0.0545952434583,0.0551643263591,0.0552652926803,0.055320365219,0.0549807512298,0.055458046566,0.0550725387945,0.0551276113333,0.0549899299863,0.0544942771371,0.0545126346501,0.0540904118526,0.0545034558936,0.0546870310229,0.0548338911264,0.0550725387945,0.0551092538203,0.0554947615919,0.0555590128872,0.055320365219,0.055320365219,0.0555314766178,0.0552193988979,0.0550817175509,0.055458046566,0.0556691579647,0.0556324429389,0.0552744714367,0.0556875154777,0.0560638444928,0.0564585310208,0.0564401735079,0.0564768885337,0.0562933134044,0.0557793030423,0.0553020077061,0.0556508004518,0.0552285776544,0.0550908963074,0.0552285776544,0.0552377564109,0.0550174662557,0.0548797849087,0.0553937952708,0.0557609455294,0.056128095788,0.0562290621092,0.0570184351652,0.057073507704,0.0573213341286,0.0572937978592,0.0578078082213,0.0581198859411,0.0581198859411,0.0582851035575,0.058000562107,0.0576334118484,0.0578537020036,0.0576150543355,0.0575599817967,0.0572387253204,0.0570918652169,0.057330512885,0.0569082900876,0.0567430724712,0.0570643289475,0.0580739921588,0.0577160206566,0.0579913833506,0.0574314792062,0.057348870398,0.0573947641803,0.0570367926781,0.0571836527816,0.0573121553721,0.0574223004497,0.0562749558915,0.0562290621092,0.0559720569281,0.0564309947514,0.0571744740251,0.0571744740251,0.0572937978592,0.0574498367191,0.0571469377557,0.0571377589993,0.0574039429368,0.0576150543355,0.0578078082213,0.0575324455273,0.0571102227299,0.05695418387,0.0571928315381,0.0572203678075,0.0575966968226,0.057330512885,0.0574406579626,0.0571285802428,0.0571652952687,0.0575875180661,0.0578904170295,0.0578628807601,0.0578445232471,0.0577986294648,0.0575324455273,0.0577527356825,0.0584044273915,0.0592672304993,0.0592396942299,0.0587440413808,0.0589184377536,0.0593131242816,0.0589826890489,0.0592764092558,0.0595334144368,0.059359018064,0.0589735102924,0.0584870361997,0.0590194040747,0.059340660551,0.0591938004476,0.0592488729864,0.059616023245,0.0590652978571,0.0592396942299,0.0593865543334,0.0596710957838,0.0598363134002,0.0599648159907,0.0602493574412,0.0603503237623,0.0599281009649,0.0601392123636,0.0606624014821,0.0605889714304,0.0615252045899,0.0610295517407,0.0608918703938,0.0609836579584,0.0614150595123,0.0614058807558,0.0619198911179,0.0622686838636,0.0621860750554,0.0623604714283,0.0619933211696,0.0627184429304,0.0630029843809,0.062690906661,0.0620942874908,0.0621126450037,0.0623237564024,0.062039214952,0.0629387330856,0.0638566087322,0.0643889766072,0.0651049196115,0.0662522641698,0.0678769040642,0.0702358444759,0.0728609688251,0.0751923729674,0.0770648392864,0.0784967252951,0.0802406890235,0.0820764403167,0.0835725776206,0.0849310335775,0.0857846579289,0.086023305597,0.086023305597,0.0860508418664,0.086280310778,0.0868218574095,0.0874001190668,0.0874643703621,0.0872624377198,0.0874368340927,0.0875378004138,0.0882445646617,0.0884832123298,0.088685144972,0.0896397356445,0.0897498807221,0.0895938418621,0.0892817641423,0.0902088185453,0.0905484325346,0.0906218625863,0.0906677563686,0.0908696890109,0.0912001242436,0.0909064040367,0.0913194480777,0.0909981916014,0.0919711397868,0.0921455361596,0.0914663081812,0.0916865983363,0.0920170335691,0.0919344247609,0.0920262123256,0.0922556812372,0.092035391082,0.092448435123,0.0923474688019,0.0923841838277,0.0928155853816,0.0934305620648,0.0935590646553,0.0939904662092,0.0942474713903,0.0947431242394,0.0951469895239,0.095266313358,0.0956334636166,0.0958721112847,0.0965238029938,0.0961841890045,0.0964411941856,0.0968267019571,0.096863416983,0.0968175232007,0.0965972330455,0.0967532719054,0.0967991656878,0.0965513392632,0.0970745283817,0.0977170413343,0.0982310516964,0.0989745309701,0.0989653522137,0.0988827434055,0.0995711501404,0.100305450658,0.100709315942,0.100516562056,0.100057624233,0.100140233041,0.100534919569,0.0999199428861,0.101232505061,0.101562940293,0.102159559464,0.102315598324,0.102994826302,0.103830093141,0.104252315938,0.104720432518,0.104307388477,0.105032510238,0.104399176041,0.104426712311,0.104316567233,0.104665359979,0.104160528373,0.104417533554,0.10523444288,0.105491448061,0.10536294547,0.105665844434,0.106051352205,0.106987585365,0.10749241697,0.107400629406,0.107905461011,0.108346041322,0.108180823705,0.108566331477,0.109355704533,0.109218023186,0.109392419559,0.109832999869,0.109557637175,0.110218507641,0.110824305567,0.111108847018,0.111999186395,0.112917062042,0.113550396238,0.114257160486,0.114789528361,0.114743634578,0.115468756339,0.115780834059,0.11603783924,0.11663445841,0.116597743384,0.116909821104,0.11741465271,0.118158131984,0.11847938846,0.119222867734,0.120471178613,0.121150406591,0.122059103481,0.12302287291,0.123692922132,0.124004999852,0.123885676018,0.123463453221,0.124142681199,0.12455572524,0.125060556846,0.124840266691,0.125069735602,0.124730121613,0.12515234441,0.126061041301,0.127061525755,0.128291479122,0.129246069794,0.129934476529,0.129548968758,0.130980854766,0.131549937667,0.132834963572,0.133716124193,0.133578442846,0.133679409167,0.134661536109,0.135616126781,0.136745113827,0.13751612937,0.138030139732,0.139351880663,0.139498740766,0.140168789988,0.141573139728,0.142619517965,0.143179422109,0.143005025736,0.143142707083,0.144886670812,0.146024836614,0.146850924695,0.148493922103,0.149017111221,0.149797305521,0.151376051633,0.152284748523,0.153110836605,0.1547354765,0.155414704478,0.156231613803,0.156506976497,0.156332580125,0.156965914321,0.157369779605,0.158406979086,0.158948525717,0.160150942814,0.16037123297,0.161647080118,0.162041766646,0.1632533625,0.164988147472,0.166805541252,0.168063030888,0.168668828815,0.170128251093,0.171449992024,0.173551927254,0.174396372849,