# R script for Peak Model
#  -- generated by MACS
p <- c(0.0409601066119,0.0476618909138,0.0543850866671,0.0610226366147,0.067938535431,0.0677886552709,0.0673390147906,0.0664825567329,0.065861624641,0.0657117444809,0.0658188017381,0.0657545673838,0.0659258589953,0.0661185620583,0.0663326765727,0.0662684422184,0.0669321972132,0.0681526499455,0.069094753809,0.069287456872,0.0692446339691,0.0689448736489,0.0689876965518,0.0692018110662,0.0694159255806,0.0696086286436,0.0689448736489,0.0688806392946,0.0683025301056,0.0674888949507,0.0677030094651,0.0671677231791,0.0668679628588,0.066054327704,0.0656903330294,0.0649837551318,0.0645127032,0.0637847138509,0.0638061253024,0.0635705993365,0.0639560054625,0.0652621040006,0.0653905727092,0.0660757391554,0.0657973902867,0.0662684422184,0.0671249002762,0.0673818376935,0.0676815980137,0.067745832368,0.0672319575334,0.0665467910872,0.06643973383,0.0656046872237,0.0657331559323,0.065861624641,0.0650694009376,0.0649195207775,0.0642129428798,0.0649623436803,0.0648766978746,0.0647696406174,0.0643628230399,0.0645341146515,0.0645127032,0.0637633023995,0.064320000137,0.0643628230399,0.064898109326,0.0644270573943,0.0643414115885,0.0652406925491,0.0654333956121,0.0658402131895,0.0660971506069,0.0670606659218,0.0665896139901,0.0661399735098,0.065476218515,0.0655618643208,0.0663112651213,0.0659044475439,0.0662256193155,0.0662898536699,0.066054327704,0.0658188017381,0.0659900933496,0.0669321972132,0.0672319575334,0.0671034888247,0.0672105460819,0.0671677231791,0.066247030767,0.0663969109271,0.0659258589953,0.0655832757722,0.066247030767,0.0658830360924,0.0659044475439,0.066054327704,0.0656260986751,0.064705406263,0.065476218515,0.0650051665832,0.0652621040006,0.0655618643208,0.0649409322289,0.0645769375544,0.0644912917486,0.0645127032,0.0647696406174,0.0653263383549,0.0645769375544,0.0645127032,0.0638275367538,0.0633136619192,0.0631209588562,0.0637847138509,0.0639131825596,0.0638489482053,0.063206604662,0.0629068443417,0.0641915314284,0.0641058856226,0.0646197604572,0.0652406925491,0.0659900933496,0.0650265780347,0.0651764581948,0.0652406925491,0.0656475101265,0.0660115048011,0.0652406925491,0.0651550467433,0.0650694009376,0.0644056459428,0.0644484688457,0.0654119841607,0.0653263383549,0.0652192810977,0.0644270573943,0.0645127032,0.0650694009376,0.0654976299664,0.0658830360924,0.0663112651213,0.0656046872237,0.0649837551318,0.065090812389,0.0643414115885,0.0642343543313,0.0636134222394,0.0629068443417,0.0631423703076,0.0626499069244,0.0627355527302,0.0635063649822,0.0634635420793,0.0630567245019,0.0638489482053,0.0643842344914,0.0649409322289,0.0650265780347,0.0646839948116,0.0646839948116,0.0644270573943,0.0642129428798,0.0649195207775,0.0649409322289,0.0650694009376,0.065090812389,0.0653905727092,0.0654976299664,0.0656046872237,0.0662898536699,0.0661613849612,0.0663112651213,0.066632436893,0.0672533689848,0.0672105460819,0.0671034888247,0.0669536086646,0.0666110254415,0.066054327704,0.0651978696462,0.0654333956121,0.0649623436803,0.0639988283654,0.0635063649822,0.0632494275648,0.0629496672446,0.0626713183759,0.0629068443417,0.0626927298273,0.0630781359533,0.0630567245019,0.0632280161134,0.0634421306278,0.0634849535307,0.0629496672446,0.0632494275648,0.0628854328903,0.0630567245019,0.0631851932105,0.0638061253024,0.0641915314284,0.0641487085255,0.0639988283654,0.0646411719087,0.0654333956121,0.0651122238405,0.0649837551318,0.0644056459428,0.064705406263,0.0644698802971,0.0634849535307,0.0633350733706,0.063399307725,0.062050386284,0.062243089347,0.0631637817591,0.0639560054625,0.064127297074,0.0637418909481,0.0628854328903,0.0636776565937,0.0638703596567,0.0636776565937,0.0638489482053,0.0633778962735,0.0631637817591,0.0631209588562,0.0641487085255,0.0647910520688,0.0652406925491,0.0652192810977,0.065668921578,0.0664825567329,0.0672105460819,0.0667394941502,0.0667609056016,0.0662684422184,0.0653477498063,0.0649409322289,0.065283515452,0.0655190414179,0.0656475101265,0.0655190414179,0.0645127032,0.0642343543313,0.0639988283654,0.0645127032,0.0651336352919,0.0654548070636,0.0649837551318,0.0646411719087,0.0645769375544,0.0638917711082,0.0647696406174,0.0660329162525,0.0661827964126,0.0657545673838,0.0653477498063,0.0656475101265,0.0668679628588,0.0672747804363,0.066247030767,0.0666538483444,0.0676387751108,0.0668893743103,0.066825139956,0.0669536086646,0.0672319575334,0.0670392544704,0.0665467910872,0.0662256193155,0.0674674834993,0.0670820773733,0.0662256193155,0.0670178430189,0.0672533689848,0.0678314781738,0.0680241812368,0.0685380560715,0.0683667644599,0.06851664462,0.0681954728484,0.0687949934888,0.0692232225177,0.0692018110662,0.0691589881633,0.0692018110662,0.0694587484835,0.0693088683234,0.0686879362316,0.0687521705859,0.0687735820373,0.0689234621974,0.0690733423575,0.0690091080032,0.0692232225177,0.069672862998,0.070058269124,0.0701653263812,0.0714071905649,0.0726918776515,0.0736982158694,0.0742549136069,0.0754753663392,0.0759678297224,0.0771454595518,0.0772096939062,0.0775951000322,0.0790082558274,0.0802287085597,0.0803143543655,0.0805927032343,0.0809995208117,0.0808068177487,0.0820058590296,0.082412676607,0.0829265514417,0.083954301111,0.0835046606306,0.0830121972474,0.0831620774075,0.0826482025729,0.0830121972474,0.0828194941844,0.0818131559666,0.0819202132238,0.0820700933839,0.0808282292002,0.0814705727435,0.0814063383891,0.081449161292,0.0824554995099,0.0826482025729,0.0825411453157,0.0837401865965,0.0837830094994,0.0841470041739,0.0849820507803,0.0847679362658,0.0851961652947,0.0856243943236,0.0849820507803,0.0842968843341,0.0847251133629,0.0844681759456,0.0841684156254,0.0850248736831,0.0853460454548,0.0856886286779,0.0858599202894,0.0854316912606,0.085260399649,0.0860954462553,0.086416618027,0.0871231959246,0.0867806127015,0.0867377897986,0.0874871905992,0.0878511852737,0.0873587218905,0.0883222372055,0.0889217578459,0.0888575234916,0.0892857525204,0.0885791746228,0.0895212784863,0.089264341069,0.0884721173656,0.0879796539824,0.0884292944627,0.0875300135021,0.0872944875362,0.087187430279,0.0874871905992,0.0875300135021,0.0867163783472,0.0869304928616,0.0876584822107,0.0880867112396,0.0882365913997,0.08868623188,0.0890930494575,0.0899066846123,0.0898852731609,0.0903135021897,0.0912341946018,0.0910629029903,0.0902920907383,0.0904419708984,0.0908701999273,0.0913840747619,0.0922191213682,0.091919361048,0.091919361048,0.0925188816885,0.0933325168433,0.0936322771635,0.0939106260323,0.0930969908774,0.0926045274942,0.0924332358827,0.0920050068538,0.0928186420087,0.0933325168433,0.0930541679745,0.092882876363,0.0928400534601,0.0935894542606,0.0944245008669,0.0947456726386,0.0950240215074,0.0962444742397,0.0960945940796,0.0960731826281,0.0961588284339,0.0970366979431,0.0977004529378,0.0979145674523,0.0981072705153,0.0987496140586,0.0993277232476,0.0989209056701,0.0987924369615,0.097657630035,0.0978289216465,0.0971009322974,0.0974006926176,0.0972079895546,0.0980858590638,0.0984498537384,0.0985569109956,0.0988994942187,0.0991778430875,0.101169108072,0.101747217261,0.102368149353,0.101961331775,0.10322460741,0.103331664668,0.103288841765,0.102667909673,0.101490279843,0.101768628712,0.101790040164,0.102989081444,0.103181784507,0.103331664668,0.102646498221,0.103138961605,0.103995419662,0.104894700623,0.106414913675,0.107635366408,0.107528309151,0.107100080122,0.106971611413,0.107721012214,0.108063595437,0.108491824465,0.109369693975,0.109176990912,0.109476751232,0.10945533978,0.109776511552,0.110611558158,0.111146844445,0.11226023992,0.113330812492,0.113266578137,0.112602823143,0.114080213292,0.114401385064,0.114722556836,0.115900186665,0.115878775214,0.11656394166,0.116392650048,0.116606764563,0.117398988266,0.117955686004,0.117484634072,0.119218961639,0.119861305182,0.120610705983,0.120546471628,0.121060346463,0.121659867103,0.122452090807,0.122858908384,0.122280799195,0.124079361117,0.123287137413,0.123501251928,0.122687616773,0.124850173369,0.12547110546,0.125920745941,0.125835100135,0.126820026901,0.128104713988,