ImageDocumentName::Image Name,ParentID::ID of the parent!!I,ID::ID!!I,Area::Area!!R,Area1::Area Unscaled!!R,CenterX1::Center X Unscaled!!R,CenterY1::Center Y Unscaled!!R,ImageIndexZ::Image Index Z!!I,ImageScaleX::Image Scale X!!R,ImageScaleY::Image Scale Y!!R,ClassColorName::Region Class Color Name,Classes 5 RegionsCount ::Classes 5 Count!!I,Classes 9 RegionsCount ::Classes 9 Count!!I,IntensityMaximum_TV1-T1-SR::Intensity Maximum of channel 'TV1-T1-SR'!!R,IntensityMaximum_TV2-T2-SR::Intensity Maximum of channel 'TV2-T2-SR'!!R,IntensityMaximum_TV2-T3-SR::Intensity Maximum of channel 'TV2-T3-SR'!!R,IntensityMean_TV1-T1-SR::Intensity Mean Value of channel 'TV1-T1-SR'!!R,IntensityMean_TV2-T2-SR::Intensity Mean Value of channel 'TV2-T2-SR'!!R,IntensityMean_TV2-T3-SR::Intensity Mean Value of channel 'TV2-T3-SR'!!R,IntensityMinimum_TV1-T1-SR::Intensity Minimum of channel 'TV1-T1-SR'!!R,IntensityMinimum_TV2-T2-SR::Intensity Minimum of channel 'TV2-T2-SR'!!R,IntensityMinimum_TV2-T3-SR::Intensity Minimum of channel 'TV2-T3-SR'!!R,IntensitySum0_TV1-T1-SR::Intensity Pixel Count of channel 'TV1-T1-SR'!!R,IntensitySum0_TV2-T2-SR::Intensity Pixel Count of channel 'TV2-T2-SR'!!R,IntensitySum0_TV2-T3-SR::Intensity Pixel Count of channel 'TV2-T3-SR'!!R,IntensityRange_TV1-T1-SR::Intensity Range of channel 'TV1-T1-SR'!!R,IntensityRange_TV2-T2-SR::Intensity Range of channel 'TV2-T2-SR'!!R,IntensityRange_TV2-T3-SR::Intensity Range of channel 'TV2-T3-SR'!!R,IntensityStd_TV1-T1-SR::Intensity Standard Deviation of channel 'TV1-T1-SR'!!R,IntensityStd_TV2-T2-SR::Intensity Standard Deviation of channel 'TV2-T2-SR'!!R,IntensityStd_TV2-T3-SR::Intensity Standard Deviation of channel 'TV2-T3-SR'!!R,IntensitySum1_TV1-T1-SR::Intensity Sum of channel 'TV1-T1-SR'!!R,IntensitySum1_TV2-T2-SR::Intensity Sum of channel 'TV2-T2-SR'!!R,IntensitySum1_TV2-T3-SR::Intensity Sum of channel 'TV2-T3-SR'!!R,IntensitySum2_TV1-T1-SR::Intensity Sum Squares of channel 'TV1-T1-SR'!!R,IntensitySum2_TV2-T2-SR::Intensity Sum Squares of channel 'TV2-T2-SR'!!R,IntensitySum2_TV2-T3-SR::Intensity Sum Squares of channel 'TV2-T3-SR'!!R
,,,"nm²","pixel²","pixel","pixel",,"nm/pixel","nm/pixel",,"#","#","Unknown","Unknown","Unknown","Unknown","Unknown","Unknown","Unknown","Unknown","Unknown","pixel²","pixel²","pixel²","Unknown","Unknown","Unknown","Unknown","Unknown","Unknown","Unknown","Unknown","Unknown","Unknown²","Unknown²","Unknown²"
"Image 12_SIM_P1-2.czi",1,2,37806563.338999,38583,137.84709587124,114.7508099422,1,31.302974264139,31.302974264139,"Orange",0,0, , , , , , , , , , , , , , , , , , , , , , , , 
"Image 12_SIM_P1-2.czi",1,2,37517499.860653,38288,137.45789803594,114.51305892186,2,31.302974264139,31.302974264139,"Orange",0,0, , , , , , , , , , , , , , , , , , , , , , , , 
"Image 12_SIM_P1-2.czi",1,2,36900177.856051,37658,137.71905040098,114.65428328642,3,31.302974264139,31.302974264139,"Orange",0,0, , , , , , , , , , , , , , , , , , , , , , , , 
"Image 12_SIM_P1-2.czi",1,2,36614054.006299,37366,137.54991168442,114.41246052561,4,31.302974264139,31.302974264139,"Orange",0,0, , , , , , , , , , , , , , , , , , , , , , , , 
"Image 12_SIM_P1-2.czi",1,2,36232882.165362,36977,137.67454093085,114.66540011358,5,31.302974264139,31.302974264139,"Orange",0,0, , , , , , , , , , , , , , , , , , , , , , , , 
"Image 12_SIM_P1-2.czi",1,2,35741964.190273,36476,137.64061300581,114.74048689549,6,31.302974264139,31.302974264139,"Orange",0,0, , , , , , , , , , , , , , , , , , , , , , , , 
"Image 12_SIM_P1-2.czi",1,2,35185394.509933,35908,137.4306561212,115.06842486354,7,31.302974264139,31.302974264139,"Orange",0,0, , , , , , , , , , , , , , , , , , , , , , , , 
"Image 12_SIM_P1-2.czi",1,2,34650382.105945,35362,137.60663989593,115.3105593575,8,31.302974264139,31.302974264139,"Orange",1,0, , , , , , , , , , , , , , , , , , , , , , , , 
"Image 12_SIM_P1-2.czi",3,4,15678.019164502,16,86,42,8,31.302974264139,31.302974264139,"Yellow", , ,605,0,4109,483.8125,0,3933.9375,356,0,3571,16,16,16,249,0,538,79.058812496352,0,161.46226339303,7741,0,62943,3838947,0,248004879
"Image 12_SIM_P1-2.czi",1,2,34081074.035034,34781,137.93267876139,115.36156234726,9,31.302974264139,31.302974264139,"Orange",1,0, , , , , , , , , , , , , , , , , , , , , , , , 
"Image 12_SIM_P1-2.czi",3,4,54873.067075757,56,86.553571428571,42.303571428571,9,31.302974264139,31.302974264139,"Yellow", , ,1004,0,4859,451.82142857143,0,4276.0535714286,124,0,3622,56,56,56,880,0,1237,237.17083272634,0,298.68459616628,25302,0,239459,14525736,0,1028846199
"Image 12_SIM_P1-2.czi",1,2,33704801.575086,34397,137.96704654476,115.35612117336,10,31.302974264139,31.302974264139,"Orange",1,3, , , , , , , , , , , , , , , , , , , , , , , , 
"Image 12_SIM_P1-2.czi",3,4,81329.724415854,83,87.102409638554,42.60843373494,10,31.302974264139,31.302974264139,"Yellow", , ,1748,0,5297,542.80722891566,0,4648.3132530121,57,0,3940,83,83,83,1691,0,1357,456.35695426191,0,367.14106173576,45053,0,385810,41532551,0,1804418726
"Image 12_SIM_P1-2.czi",5,6,16657.895362283,17,160.79411764706,33.264705882353,10,31.302974264139,31.302974264139,"Fuchsia", , ,6,2658,1446,0.58823529411765,1563.0588235294,1088,0,726,652,17,17,17,6,1932,794,1.5024489812225,588.08645947984,253.04545046296,10,26572,18496,42,47067130,21148160
"Image 12_SIM_P1-2.czi",5,7,15678.019164502,16,159.0625,77.125,10,31.302974264139,31.302974264139,"Fuchsia", , ,0,2065,6598,0,1355,5921.625,0,528,5378,16,16,16,0,1537,1220,0,436.45083724669,358.35008487976,0,21680,94746,0,32233740,562976504
"Image 12_SIM_P1-2.czi",5,8,15678.019164502,16,188.6875,225.3125,10,31.302974264139,31.302974264139,"Fuchsia", , ,0,2035,2383,0,1201.4375,2127.3125,0,581,1914,16,16,16,0,1454,469,0,446.81599027639,147.86106936355,0,19223,34037,0,26089901,72735279
"Image 12_SIM_P1-2.czi",1,2,33371643.66784,34057,137.99628563878,115.23732272367,11,31.302974264139,31.302974264139,"Orange",2,6, , , , , , , , , , , , , , , , , , , , , , , , 
"Image 12_SIM_P1-2.czi",3,4,101907.12456926,104,87.442307692308,42.884615384615,11,31.302974264139,31.302974264139,"Yellow", , ,3256,1,5779,716.99038461539,0.038461538461539,5027.1730769231,35,0,4277,104,104,104,3221,1,1502,816.49837835013,0.19323896987208,455.95691421189,74567,4,522826,122130791,4,2649750152
"Image 12_SIM_P1-2.czi",3,5,29396.285933441,30,71.866666666667,98.133333333333,11,31.302974264139,31.302974264139,"Yellow", , ,667,1236,7267,343.73333333333,346.26666666667,6037.9666666667,145,14,4028,30,30,30,522,1222,3239,156.77480738271,367.81300846409,981.42326217603,10312,10388,181139,4257350,7520324,1121643801
"Image 12_SIM_P1-2.czi",6,7,15678.019164502,16,140,1.375,11,31.302974264139,31.302974264139,"Fuchsia", , ,0,4490,172,0,2143.75,54.6875,0,727,1,16,16,16,0,3763,171,0,1215.1274555919,50.232418151363,0,34300,875,0,95678646,85701
"Image 12_SIM_P1-2.czi",6,8,17637.771560065,18,150.5,12.833333333333,11,31.302974264139,31.302974264139,"Fuchsia", , ,28,2899,303,11.944444444444,1623.8333333333,183,2,517,96,18,18,18,26,2382,207,6.9322114476951,728.45874767129,60.468757124943,215,29229,3294,3385,56484111,664962
"Image 12_SIM_P1-2.czi",6,9,23517.028746753,24,106.66666666667,14.416666666667,11,31.302974264139,31.302974264139,"Fuchsia", , ,0,2130,271,0,1454.7083333333,99.583333333333,0,725,17,24,24,24,0,1405,254,0,403.41471585828,73.025258683534,0,34913,2390,0,54531331,360656
"Image 12_SIM_P1-2.czi",6,10,25476.781142316,26,160.92307692308,33.346153846154,11,31.302974264139,31.302974264139,"Fuchsia", , ,12,4200,1580,1.3846153846154,1880.1923076923,1130.1153846154,0,592,585,26,26,26,12,3608,995,3.0604172666736,1082.6491959718,277.80717441032,36,48885,29383,284,121216433,35135601
"Image 12_SIM_P1-2.czi",6,11,29396.285933441,30,159,77.3,11,31.302974264139,31.302974264139,"Fuchsia", , ,0,3396,7359,0,1508.1666666667,6318.7333333333,0,477,5232,30,30,30,0,2919,2127,0,872.81980931933,580.00909227911,0,45245,189562,0,90329619,1207547634
"Image 12_SIM_P1-2.czi",6,12,17637.771560065,18,188.5,225.16666666667,11,31.302974264139,31.302974264139,"Fuchsia", , ,0,3451,2420,0,1857.5,2111.8888888889,0,860,1869,18,18,18,0,2591,551,0,810.37647387604,166.93178913024,0,33435,38014,0,73269583,80755070
"Image 12_SIM_P1-2.czi",1,2,33192326.323646,33874,138.36742044046,115.12088917754,12,31.302974264139,31.302974264139,"Orange",6,8, , , , , , , , , , , , , , , , , , , , , , , , 
"Image 12_SIM_P1-2.czi",3,4,108766.25795373,111,87.599099099099,43.04954954955,12,31.302974264139,31.302974264139,"Yellow", , ,5299,3,6362,1010.2342342342,0.13513513513514,5400.6306306306,20,0,4621,111,111,111,5279,3,1741,1329.3065995265,0.53063403732938,533.96702192905,112136,15,599470,307659790,33,3268879330
"Image 12_SIM_P1-2.czi",3,5,17637.771560065,18,66,70,12,31.302974264139,31.302974264139,"Yellow", , ,594,14,5445,325,2.3888888888889,5079.9444444444,116,0,4616,18,18,18,478,14,829,144.80128371222,3.7906834536468,230.12029391864,5850,43,91439,2257696,347,465405281
"Image 12_SIM_P1-2.czi",3,6,16657.895362283,17,186.08823529412,93.558823529412,12,31.302974264139,31.302974264139,"Yellow", , ,626,66,9876,394.64705882353,12.470588235294,8638.4117647059,146,1,7428,17,17,17,480,65,2448,140.22880462679,16.382603757717,787.02613193778,6709,212,146853,2962313,6938,1278487245
"Image 12_SIM_P1-2.czi",3,7,36255.419317911,37,72.067567567568,98.445945945946,12,31.302974264139,31.302974264139,"Yellow", , ,1157,1549,7588,483.16216216216,377.13513513514,6078.6756756757,110,7,3780,37,37,37,1047,1542,3808,292.59903485008,431.18719588816,1143.9070245351,17877,13954,224911,11719601,11955750,1414267863
"Image 12_SIM_P1-2.czi",3,8,23517.028746753,24,94.583333333333,104.41666666667,12,31.302974264139,31.302974264139,"Yellow", , ,823,3506,4032,460.45833333333,1018.0416666667,3372.875,163,28,2572,24,24,24,660,3478,1460,188.81091972075,1081.5389389427,399.51735147605,11051,24433,80949,5908465,51777521,276701983
"Image 12_SIM_P1-2.czi",3,9,25476.781142316,26,85.153846153846,152.65384615385,12,31.302974264139,31.302974264139,"Yellow", , ,680,0,3257,346.88461538462,0,2547.1923076923,96,0,2101,26,26,26,584,0,1156,163.48023169132,0,327.33823720803,9019,0,66227,3796697,0,171371663
"Image 12_SIM_P1-2.czi",10,11,21557.27635119,22,140,1.8636363636364,12,31.302974264139,31.302974264139,"Fuchsia", , ,0,6490,207,0,2485.9545454546,60.863636363636,0,546,0,22,22,22,0,5944,207,0,1891.5705361085,59.100636894921,0,54691,1339,0,211098161,154847
"Image 12_SIM_P1-2.czi",10,12,24496.904944534,25,150.1,12.54,12,31.302974264139,31.302974264139,"Fuchsia", , ,95,4207,440,29.08,1942.2,195.32,6,674,51,25,25,25,89,3533,389,22.614375958668,1070.0946998592,109.02320853837,727,48555,4883,33415,121785985,1239013
"Image 12_SIM_P1-2.czi",10,13,35275.543120129,36,106.63888888889,15.111111111111,12,31.302974264139,31.302974264139,"Fuchsia", , ,0,2936,396,0,1743.9722222222,136.80555555556,0,685,18,36,36,36,0,2251,378,0,627.07504614046,105.94441115023,0,62783,4925,0,123254617,1066615
"Image 12_SIM_P1-2.czi",10,14,28416.40973566,29,160.91379310345,33.224137931035,12,31.302974264139,31.302974264139,"Fuchsia", , ,18,5107,1692,1.8965517241379,2080.5172413793,1174.4482758621,0,631,522,29,29,29,18,4476,1170,4.3535275318348,1330.8990951525,329.70729293538,55,60335,34059,635,175124195,43044327
"Image 12_SIM_P1-2.czi",10,15,29396.285933441,30,159,77.833333333333,12,31.302974264139,31.302974264139,"Fuchsia", , ,0,4525,7791,0,1948.5666666667,6599.2,0,486,5442,30,30,30,0,4039,2349,0,1183.1125717662,651.23603433302,0,58457,197976,0,154500267,1318782362
"Image 12_SIM_P1-2.czi",10,16,30376.162131222,31,96.209677419355,106.20967741936,12,31.302974264139,31.302974264139,"Fuchsia", , ,823,3506,4181,344.1935483871,1484.6451612903,3470.5806451613,76,465,2640,31,31,31,747,3041,1541,227.05145075582,867.15556268323,397.88731857094,10670,46024,107588,5219116,90888072,378142260
"Image 12_SIM_P1-2.czi",10,17,15678.019164502,16,235.125,140,12,31.302974264139,31.302974264139,"Fuchsia", , ,0,2133,2060,0,1341.0625,1321.1875,0,477,417,16,16,16,0,1656,1643,0,512.38546281096,558.75340043708,0,21457,21139,0,32713261,32611663
"Image 12_SIM_P1-2.czi",10,18,21557.27635119,22,189,225.13636363636,12,31.302974264139,31.302974264139,"Fuchsia", , ,0,4655,2490,0,2103.3636363636,2121.5454545455,0,490,1821,22,22,22,0,4165,669,0,1257.7024231834,210.13322922845,0,46274,46674,0,130549172,99948288
"Image 12_SIM_P1-2.czi",1,2,32972834.055343,33650,138.68995542348,115.13580980684,13,31.302974264139,31.302974264139,"Orange",13,11, , , , , , , , , , , , , , , , , , , , , , , , 
"Image 12_SIM_P1-2.czi",3,4,26456.657340097,27,146.46296296296,17.092592592593,13,31.302974264139,31.302974264139,"Yellow", , ,732,410,1014,412.07407407407,41.62962962963,802.2962962963,144,1,437,27,27,27,588,409,577,166.97971455008,83.285952342216,146.86200084926,11126,1124,21662,5309674,227142,17940122
"Image 12_SIM_P1-2.czi",3,5,33315.790724567,34,154,34,13,31.302974264139,31.302974264139,"Yellow", , ,717,143,431,352.58823529412,21.117647058824,246.11764705882,118,0,142,34,34,34,599,143,289,174.84142038327,36.176138717084,85.195235570969,11988,718,8368,5235622,58350,2299034
"Image 12_SIM_P1-2.czi",3,6,112685.76274486,115,87.952173913044,42.978260869565,13,31.302974264139,31.302974264139,"Yellow", , ,7310,6,7300,1260.6347826087,0.31304347826087,5872.9913043478,22,0,4837,115,115,115,7288,6,2463,1807.8173101422,1.0626449737322,686.41535806199,144973,36,675394,555333197,140,4020296018
"Image 12_SIM_P1-2.czi",3,7,29396.285933441,30,34.133333333333,63.866666666667,13,31.302974264139,31.302974264139,"Yellow", , ,650,1528,96,352.76666666667,576.8,11.4,140,22,0,30,30,30,510,1506,96,155.00293286065,472.03655615305,24.811843668033,10583,17304,342,4430081,16442684,21752
"Image 12_SIM_P1-2.czi",3,8,35275.543120129,36,65.111111111111,70.638888888889,13,31.302974264139,31.302974264139,"Yellow", , ,849,4,5840,362.52777777778,0.44444444444444,5460.25,116,0,4996,36,36,36,733,4,844,208.74844548418,0.93943583205011,211.61263464845,13051,16,196569,6256507,38,1074883179
"Image 12_SIM_P1-2.czi",3,9,27436.533537878,28,186.5,93.178571428571,13,31.302974264139,31.302974264139,"Yellow", , ,857,70,11324,424.46428571429,14.25,9077.75,127,1,7568,28,28,28,730,69,3756,201.69824952744,18.428289444543,1069.0548482274,11885,399,254177,6143177,14855,2338212975
"Image 12_SIM_P1-2.czi",3,10,51933.438482413,53,71.896226415094,98.839622641509,13,31.302974264139,31.302974264139,"Yellow", , ,1650,1396,7889,499.98113207547,271.69811320755,6163.7547169811,66,2,3161,53,53,53,1584,1394,4728,436.32876148461,363.39989547994,1395.2073585294,26499,14400,326679,23148905,10779546,2114792613
"Image 12_SIM_P1-2.czi",3,11,82309.600613635,84,93.702380952381,101.63095238095,13,31.302974264139,31.302974264139,"Yellow", , ,1154,4201,4594,410.15476190476,563.92857142857,3182.6190476191,48,0,2062,84,84,84,1106,4201,2532,268.88446455356,1039.0005367267,655.26885689276,34453,47370,267340,20131867,116313632,886479690
"Image 12_SIM_P1-2.czi",3,12,37235.295515692,38,101.65789473684,113.02631578947,13,31.302974264139,31.302974264139,"Yellow", , ,930,24,5508,436.02631578947,3.2894736842105,4247.3684210526,120,0,3801,38,38,38,810,24,1707,233.60043118737,5.1512679873665,453.33684278897,16569,125,161400,9243579,1393,693129292
"Image 12_SIM_P1-2.czi",3,13,20577.400153409,21,175.21428571429,139.92857142857,13,31.302974264139,31.302974264139,"Yellow", , ,650,14,6086,351.71428571429,2.952380952381,5372.4761904762,109,0,4638,21,21,21,541,14,1448,161.38529761324,4.1650473043675,423.66232061013,7386,62,112822,3118666,530,609723304
"Image 12_SIM_P1-2.czi",3,14,35275.543120129,36,85.75,152.66666666667,13,31.302974264139,31.302974264139,"Yellow", , ,1121,0,4326,451.33333333333,0,2996.8333333333,101,0,2086,36,36,36,1020,0,2240,279.01643576781,0,647.60038383471,16248,0,107886,10058020,0,337994880
"Image 12_SIM_P1-2.czi",3,15,20577.400153409,21,113.78571428571,155.07142857143,13,31.302974264139,31.302974264139,"Yellow", , ,646,19,2136,357.57142857143,4.3809523809524,1511.0476190476,97,0,911,21,21,21,549,19,1225,177.09815680254,5.1232430205505,335.90526584001,7509,92,31732,3312279,928,50205210
"Image 12_SIM_P1-2.czi",3,16,23517.028746753,24,98.583333333333,173.58333333333,13,31.302974264139,31.302974264139,"Yellow", , ,722,2,91,409.75,0.58333333333333,52.541666666667,180,0,28,24,24,24,542,2,63,154.61516040184,0.58359207512177,16.497639268977,9834,14,1261,4579316,16,72515
"Image 12_SIM_P1-2.czi",17,18,23517.028746753,24,140,1.75,13,31.302974264139,31.302974264139,"Fuchsia", , ,0,7347,163,0,2633.375,43.166666666667,0,529,0,24,24,24,0,6818,163,0,2139.3926771806,46.82313314059,0,63201,1036,0,271702957,95146
"Image 12_SIM_P1-2.czi",17,19,28416.40973566,29,150.08620689655,12.775862068966,13,31.302974264139,31.302974264139,"Fuchsia", , ,168,4671,482,48.689655172414,1948.5172413793,217.48275862069,5,659,31,29,29,29,163,4012,451,41.39367053779,1224.4946952195,133.43822023952,1412,56507,6307,116726,152087707,1870225
"Image 12_SIM_P1-2.czi",17,20,38215.171713473,39,106.57692307692,15.5,13,31.302974264139,31.302974264139,"Fuchsia", , ,2,3020,446,0.076923076923077,1798.5384615385,147.48717948718,0,753,20,39,39,39,2,2267,426,0.35426836279083,702.09261820248,119.72465599183,3,70143,5752,5,144886377,1393038
"Image 12_SIM_P1-2.czi",17,21,26456.657340097,27,160.90740740741,33.425925925926,13,31.302974264139,31.302974264139,"Fuchsia", , ,22,4682,1838,2.3703703703704,1987.8148148148,1273.5185185185,0,637,576,27,27,27,22,4045,1262,5.4147103633609,1184.8671797371,363.6132106395,64,53671,34385,914,143189675,47227513
"Image 12_SIM_P1-2.czi",17,22,21557.27635119,22,151.90909090909,50.818181818182,13,31.302974264139,31.302974264139,"Fuchsia", , ,4,3893,4487,1.3636363636364,1780.7727272727,2793.5,0,471,1102,22,22,22,4,3422,3385,1.0486024506776,1006.0517326383,944.49592249996,30,39177,61457,64,91020275,190413653
"Image 12_SIM_P1-2.czi",17,23,30376.162131222,31,97.91935483871,74.564516129032,13,31.302974264139,31.302974264139,"Fuchsia", , ,0,3016,2405,0,1456.3870967742,1620.1290322581,0,502,1136,31,31,31,0,2514,1269,0,729.51845658258,333.9435822546,0,45148,50224,0,81718880,84714910
"Image 12_SIM_P1-2.czi",17,24,31356.038329004,32,159,78,13,31.302974264139,31.302974264139,"Fuchsia", , ,0,4824,8533,0,1953.78125,7033.625,0,509,5534,32,32,32,0,4315,2999,0,1285.5817494332,841.6111948078,0,62521,225076,0,173386691,1605057772
"Image 12_SIM_P1-2.czi",17,25,33315.790724567,34,96.411764705882,106.29411764706,13,31.302974264139,31.302974264139,"Fuchsia", , ,1022,4201,4369,365.41176470588,1629.2058823529,3581.4411764706,33,430,2673,34,34,34,989,3771,1696,296.88372559651,1063.4872249069,426.16742983611,12424,55393,121769,7448494,127569769,442101927
"Image 12_SIM_P1-2.czi",17,26,15678.019164502,16,235.125,140,13,31.302974264139,31.302974264139,"Fuchsia", , ,0,2229,2158,0,1378.375,1378,0,476,442,16,16,16,0,1753,1716,0,543.69389365708,578.48341952615,0,22054,22048,0,34832728,35401790
"Image 12_SIM_P1-2.czi",17,27,23517.028746753,24,154.91666666667,149.16666666667,13,31.302974264139,31.302974264139,"Fuchsia", , ,5,2459,6485,0.66666666666667,1254.2916666667,5911.625,0,477,5273,24,24,24,5,1982,1212,1.2740441145412,603.59844693714,291.09938725609,16,30103,141879,48,46137557,840684437
"Image 12_SIM_P1-2.czi",17,28,21557.27635119,22,189,225.13636363636,13,31.302974264139,31.302974264139,"Fuchsia", , ,0,4927,2567,0,2187.5454545455,2113.8636363636,0,488,1769,22,22,22,0,4439,798,0,1336.2697092768,263.21678471856,0,48126,46505,0,142775764,99760173
"Image 12_SIM_P1-2.czi",1,2,32823892.87328,33498,138.85437936593,115.42035345394,14,31.302974264139,31.302974264139,"Orange",13,10, , , , , , , , , , , , , , , , , , , , , , , , 
"Image 12_SIM_P1-2.czi",3,4,48993.809889068,50,146.6,16.88,14,31.302974264139,31.302974264139,"Yellow", , ,1269,1982,1100,461.16,178.46,731.86,89,0,323,50,50,50,1180,1982,777,331.76383043315,419.08511677467,231.74898542367,23058,8923,36593,16026722,10198383,29412625
"Image 12_SIM_P1-2.czi",3,5,32335.914526785,33,153.77272727273,33.954545454546,14,31.302974264139,31.302974264139,"Yellow", , ,854,175,450,415.51515151515,27.30303030303,280.15151515152,112,1,175,33,33,33,742,174,275,220.07543042275,44.655266240728,76.935899135303,13712,901,9245,7247406,88411,2779413
"Image 12_SIM_P1-2.czi",3,6,116605.26753598,119,87.987394957983,43.189075630252,14,31.302974264139,31.302974264139,"Yellow", , ,8071,12,8010,1280.5966386555,0.58823529411765,6341.4789915966,20,0,5102,119,119,119,8051,12,2908,1945.0164755493,1.9761791790112,790.33621732736,152391,70,754636,641555915,502,4859214838
"Image 12_SIM_P1-2.czi",3,7,35275.543120129,36,34.111111111111,63.777777777778,14,31.302974264139,31.302974264139,"Yellow", , ,973,1411,119,453.52777777778,501.11111111111,10.638888888889,103,3,0,36,36,36,870,1408,119,244.91240254555,446.48684368893,25.563537400846,16327,18040,383,9504121,16017312,26947
"Image 12_SIM_P1-2.czi",3,8,24496.904944534,25,65.5,70.5,14,31.302974264139,31.302974264139,"Yellow", , ,953,0,6179,497.64,0,5878.96,190,0,5503,25,25,25,763,0,676,215.98608751491,0,183.71682920553,12441,0,146974,7310739,0,864864312
"Image 12_SIM_P1-2.czi",3,9,28416.40973566,29,186.56896551724,92.913793103448,14,31.302974264139,31.302974264139,"Yellow", , ,947,46,12059,443.58620689655,11.379310344828,9517.5517241379,100,1,8018,29,29,29,847,45,4041,232.72078875176,12.570980735418,1127.8622188588,12864,330,276009,7222744,8180,2662547983
"Image 12_SIM_P1-2.czi",3,10,87208.981602542,89,93.634831460674,101.26404494382,14,31.302974264139,31.302974264139,"Yellow", , ,1316,3754,4784,419.4606741573,489.49438202247,3320.8539325843,57,0,2051,89,89,89,1259,3754,2733,296.88305228045,923.74267279165,697.33244241183,37332,43565,295556,23415586,96415269,1024290288
"Image 12_SIM_P1-2.czi",3,11,51933.438482413,53,72.047169811321,99.103773584906,14,31.302974264139,31.302974264139,"Yellow", , ,1879,912,8135,569.43396226415,187.67924528302,6241.5849056604,48,0,3305,53,53,53,1831,912,4830,509.43798254071,243.05616425846,1420.1035909393,30180,9947,330804,30680924,4938813,2169609352
"Image 12_SIM_P1-2.czi",3,12,59772.448064663,61,102.15573770492,113.45081967213,14,31.302974264139,31.302974264139,"Yellow", , ,1440,19,5949,445.06557377049,1.5901639344262,4374.1639344262,57,0,3670,61,61,61,1383,19,2279,372.26495353231,3.8269964253111,654.62483353261,27149,97,266824,20397957,1033,1192843938
"Image 12_SIM_P1-2.czi",3,13,21557.27635119,22,175.59090909091,140.40909090909,14,31.302974264139,31.302974264139,"Yellow", , ,714,8,6897,379.86363636364,1.2272727272727,5659.4090909091,124,0,4728,22,22,22,590,8,2169,177.35713108881,2.1587434215703,636.85033444668,8357,27,124507,3835087,131,713153193
"Image 12_SIM_P1-2.czi",3,14,40174.924109036,41,85.573170731707,152.93902439024,14,31.302974264139,31.302974264139,"Yellow", , ,1515,2,4814,538.14634146342,0.24390243902439,3289.3902439024,78,0,2181,41,41,41,1437,2,2633,385.89419281557,0.62371819778158,729.87323824239,22064,10,134865,17830234,18,464932213
"Image 12_SIM_P1-2.czi",3,15,27436.533537878,28,114.5,155.17857142857,14,31.302974264139,31.302974264139,"Yellow", , ,720,32,2431,344.17857142857,7.6428571428571,1592.8214285714,88,0,886,28,28,28,632,32,1545,191.40185640406,8.932729190659,433.78762968987,9637,214,44599,4305985,3790,76118879
"Image 12_SIM_P1-2.czi",3,16,27436.533537878,28,99,173.35714285714,14,31.302974264139,31.302974264139,"Yellow", , ,738,5,58,382.10714285714,1.3928571428571,34.642857142857,124,0,15,28,28,28,614,5,43,165.93424384503,1.3427248612095,12.632158508008,10699,39,970,4831587,103,37912
"Image 12_SIM_P1-2.czi",17,18,22537.152548972,23,150.10869565217,12.717391304348,14,31.302974264139,31.302974264139,"Fuchsia", , ,293,3937,493,76.608695652174,1955.1304347826,209.91304347826,17,618,39,23,23,23,276,3319,454,72.17134859009,1023.985276188,128.58315775598,1762,44968,4828,249576,110986314,1377200
"Image 12_SIM_P1-2.czi",17,19,32335.914526785,33,106.56060606061,15.924242424242,14,31.302974264139,31.302974264139,"Fuchsia", , ,3,2569,416,0.12121212121212,1709.4242424242,144.87878787879,0,942,21,33,33,33,3,1627,395,0.54529669433116,492.71137788155,108.6904312646,4,56411,4781,10,104198795,1070701
"Image 12_SIM_P1-2.czi",17,20,16657.895362283,17,160.61764705882,33.029411764706,14,31.302974264139,31.302974264139,"Fuchsia", , ,17,3249,1888,2.1764705882353,1765,1272.2352941177,0,531,603,17,17,17,17,2718,1285,4.5032667880891,786.3301628451,370.41809644842,37,30005,21628,405,62851867,29711258
"Image 12_SIM_P1-2.czi",17,21,24496.904944534,25,76.94,43.58,14,31.302974264139,31.302974264139,"Fuchsia", , ,1,2261,4982,0.08,1205.36,4554.72,0,422,3934,25,25,25,1,1839,1048,0.27688746209727,551.56586793117,300.64798352891,2,30134,113868,2,43623716,520806198
"Image 12_SIM_P1-2.czi",17,22,19597.523955627,20,152,51,14,31.302974264139,31.302974264139,"Fuchsia", , ,2,3693,4733,0.8,1806.55,3005.4,0,529,1459,20,20,20,2,3164,3274,0.76777189594991,941.66976416196,979.89770679876,16,36131,60108,24,82120555,198892374
"Image 12_SIM_P1-2.czi",17,23,35275.543120129,36,98,74.666666666667,14,31.302974264139,31.302974264139,"Fuchsia", , ,0,4511,2334,0,1930.3055555556,1567.4444444444,0,539,1045,36,36,36,0,3972,1289,0,1179.2219182748,356.03149495069,0,69491,56428,0,182808615,92884300
"Image 12_SIM_P1-2.czi",17,24,26456.657340097,27,158.61111111111,78.055555555556,14,31.302974264139,31.302974264139,"Fuchsia", , ,0,4159,9360,0,1845.4814814815,7665.6296296296,0,520,6030,27,27,27,0,3639,3330,0,1106.0084632577,1009.6750104765,0,49828,206972,0,123761274,1613076230
"Image 12_SIM_P1-2.czi",17,25,30376.162131222,31,96.209677419355,106.20967741936,14,31.302974264139,31.302974264139,"Fuchsia", , ,1065,3754,4555,386.96774193548,1586.7741935484,3703.3548387097,63,447,2755,31,31,31,1002,3307,1800,310.84899698203,940.35602157472,468.20248813144,11996,49190,114804,7540878,104581506,431736356
"Image 12_SIM_P1-2.czi",17,26,26456.657340097,27,155.01851851852,149.38888888889,14,31.302974264139,31.302974264139,"Fuchsia", , ,13,2925,6864,2.037037037037,1372.037037037,6240.7777777778,0,482,5485,27,27,27,13,2443,1379,3.7363235887854,731.44711578547,333.60574766001,55,37045,168501,475,64737499,1054470909
"Image 12_SIM_P1-2.czi",17,27,20577.400153409,21,188.88095238095,225.16666666667,14,31.302974264139,31.302974264139,"Fuchsia", , ,0,4097,2693,0,1874.8095238095,2113.6190476191,0,439,1714,21,21,21,0,3658,979,0,1075.1764794232,340.95109270839,0,39371,44386,0,96933215,96140048
"Image 12_SIM_P1-2.czi",1,2,32627917.633724,33298,138.8460267884,115.30617454502,15,31.302974264139,31.302974264139,"Orange",13,6, , , , , , , , , , , , , , , , , , , , , , , , 
"Image 12_SIM_P1-2.czi",3,4,62712.076658008,64,147,16.625,15,31.302974264139,31.302974264139,"Yellow", , ,1895,2383,1192,538.65625,232.8125,677.171875,49,0,182,64,64,64,1846,2383,1010,499.47535073521,471.56860414228,292.57930981148,34474,14900,43339,34286600,17478654,34740919
"Image 12_SIM_P1-2.czi",3,5,31356.038329004,32,153.71875,34.03125,15,31.302974264139,31.302974264139,"Yellow", , ,860,208,529,411.3125,37.5625,323.96875,109,2,221,32,32,32,751,206,308,217.53612047124,53.182544735243,77.824651693987,13162,1202,10367,6880676,132830,3546341
"Image 12_SIM_P1-2.czi",3,6,103866.87696483,106,87.72641509434,43.405660377359,15,31.302974264139,31.302974264139,"Yellow", , ,6974,19,8770,1201.3113207547,0.92452830188679,6845.5188679245,24,0,5402,106,106,106,6950,19,3368,1699.1738629234,3.2504889396536,883.00270431697,127339,98,725625,456128923,1200,5049147475
"Image 12_SIM_P1-2.czi",3,7,27436.533537878,28,51.178571428571,68.5,15,31.302974264139,31.302974264139,"Yellow", , ,641,0,5192,323.96428571429,0,3884.5,105,0,2847,28,28,28,536,0,2345,154.98470226609,0,643.8438101371,9071,0,108766,3587227,0,433693968
"Image 12_SIM_P1-2.czi",3,8,26456.657340097,27,65.425925925926,70.907407407407,15,31.302974264139,31.302974264139,"Yellow", , ,837,0,6481,416.7037037037,0,6246.962962963,134,0,5944,27,27,27,703,0,537,200.25710681998,0,146.29382485561,11251,0,168668,5731009,0,1054219198
"Image 12_SIM_P1-2.czi",3,9,24496.904944534,25,186.5,93.5,15,31.302974264139,31.302974264139,"Yellow", , ,835,23,12783,432.4,7.04,10283.64,130,0,8641,25,25,25,705,23,4142,189.5995780586,6.9070012788957,1119.1620332493,10810,176,257091,5536996,2384,2673891859
"Image 12_SIM_P1-2.czi",3,10,50953.562284631,52,72.403846153846,99,15,31.302974264139,31.302974264139,"Yellow", , ,1720,445,8321,543.82692307692,115.21153846154,6291.4423076923,47,1,3476,52,52,52,1673,444,4845,477.89553871908,126.58428743346,1404.6084293295,28279,5991,327155,27026473,1507435,2158895975
"Image 12_SIM_P1-2.czi",3,11,77410.219624728,79,93.626582278481,101.39873417722,15,31.302974264139,31.302974264139,"Yellow", , ,1204,2563,4955,398.39240506329,380.54430379747,3611.7215189873,60,0,2391,79,79,79,1144,2563,2564,265.19370848212,679.73944475483,633.64292574881,31473,30063,285326,18024165,47479869,1061835316
"Image 12_SIM_P1-2.czi",3,12,64671.82905357,66,102.57575757576,113.5,15,31.302974264139,31.302974264139,"Yellow", , ,1827,13,6100,507.16666666667,0.74242424242424,4422.5606060606,50,0,3621,66,66,66,1777,13,2479,470.98974620011,2.3749371234469,701.78476053314,33473,49,291889,31395427,403,1322909413
"Image 12_SIM_P1-2.czi",3,13,30376.162131222,31,109.08064516129,145.04838709677,15,31.302974264139,31.302974264139,"Yellow", , ,718,104,5180,359.67741935484,12.451612903226,3521,153,0,2527,31,31,31,565,104,2653,183.12716658045,25.954882276337,714.52697639767,11150,386,109151,5016470,25016,399637135
"Image 12_SIM_P1-2.czi",3,14,46054.181295724,47,85.882978723404,152.6914893617,15,31.302974264139,31.302974264139,"Yellow", , ,1627,23,5954,514.59574468085,1.9148936170213,3930.8723404255,85,0,2283,47,47,47,1542,23,3671,415.59829369312,4.614861565751,1017.3411555752,24186,90,184751,20391222,1152,773841815
"Image 12_SIM_P1-2.czi",3,15,22537.152548972,23,98.326086956522,173.5,15,31.302974264139,31.302974264139,"Yellow", , ,643,19,36,368.04347826087,4.5217391304348,18.869565217391,108,0,4,23,23,23,535,19,32,137.37754158816,5.6638371607418,8.3899525831691,8465,104,434,3530685,1176,9738
"Image 12_SIM_P1-2.czi",3,16,27436.533537878,28,149.64285714286,215,15,31.302974264139,31.302974264139,"Yellow", , ,682,34,268,393.57142857143,7.2142857142857,51.678571428571,131,0,12,28,28,28,551,34,256,147.78924648181,10.268099261006,59.917878103302,11020,202,1447,4926882,4304,171713
"Image 12_SIM_P1-2.czi",17,18,31356.038329004,32,77,44,15,31.302974264139,31.302974264139,"Fuchsia", , ,2,4271,5391,0.15625,1830.8125,5018.5625,0,582,4230,32,32,32,2,3689,1161,0.44788931524393,1117.3231096919,335.95208351691,5,58586,160594,7,145960720,809449804
"Image 12_SIM_P1-2.czi",17,19,40174.924109036,41,98.036585365854,74.573170731707,15,31.302974264139,31.302974264139,"Fuchsia", , ,0,5422,2947,0,2093.1707317073,1590.512195122,0,528,991,41,41,41,0,4894,1956,0,1452.46350905,450.94917241033,0,85820,65211,0,264021922,111853097
"Image 12_SIM_P1-2.czi",17,20,23517.028746753,24,158.45833333333,77.958333333333,15,31.302974264139,31.302974264139,"Fuchsia", , ,1,2923,10257,0.041666666666667,1407.5,8392.0833333333,0,431,6321,24,24,24,1,2492,3936,0.20412414523193,755.24767028986,1173.1600178732,1,33780,201410,1,60664528,1721904506
"Image 12_SIM_P1-2.czi",17,21,24496.904944534,25,96.1,106.46,15,31.302974264139,31.302974264139,"Fuchsia", , ,907,2563,4614,342.56,1303.04,3922.32,52,545,3168,25,25,25,855,2018,1446,279.80008934952,619.31464001211,394.08001725538,8564,32576,98058,4812598,51653046,388342032
"Image 12_SIM_P1-2.czi",17,22,24496.904944534,25,154.9,149.46,15,31.302974264139,31.302974264139,"Fuchsia", , ,27,2756,7288,4.88,1354.52,6644.44,0,467,5990,25,25,25,27,2289,1298,7.9546632025917,653.16371862905,353.70197907278,122,33863,166111,2114,56107059,1106717095
"Image 12_SIM_P1-2.czi",17,23,17637.771560065,18,188.5,225.16666666667,15,31.302974264139,31.302974264139,"Fuchsia", , ,0,2724,2866,0,1426.5555555556,2137.7777777778,0,706,1655,18,18,18,0,2018,1211,0,629.82371223759,417.86439617988,0,25678,38480,0,43374618,85230070
"Image 12_SIM_P1-2.czi",1,2,32526990.385353,33195,138.96284078928,115.22053020033,16,31.302974264139,31.302974264139,"Orange",9,2, , , , , , , , , , , , , , , , , , , , , , , , 
"Image 12_SIM_P1-2.czi",3,4,64671.82905357,66,146.65151515152,16.712121212121,16,31.302974264139,31.302974264139,"Yellow", , ,2365,1311,1257,635.42424242424,156.40909090909,717.78787878788,22,0,176,66,66,66,2343,1311,1081,627.53088947829,262.68870007454,322.44014424393,41938,10323,47374,52245098,6099959,40762380
"Image 12_SIM_P1-2.czi",3,5,20577.400153409,21,153.54761904762,34.452380952381,16,31.302974264139,31.302974264139,"Yellow", , ,697,135,466,404.09523809524,42.666666666667,356.09523809524,120,7,264,21,21,21,577,128,202,159.3163220646,35.106029871424,62.84178925039,8486,896,7478,3936786,62878,2741862
"Image 12_SIM_P1-2.czi",3,6,90148.610195886,92,87.5,43,16,31.302974264139,31.302974264139,"Yellow", , ,4731,24,8851,933.34782608696,1.054347826087,7244.2608695652,28,0,5765,92,92,92,4703,24,3086,1173.75255676,3.9955033253324,863.5127959571,85868,97,666472,205514962,1555,4895951576
"Image 12_SIM_P1-2.czi",3,7,27436.533537878,28,51.178571428571,68.5,16,31.302974264139,31.302974264139,"Yellow", , ,828,0,5840,406.71428571429,0,4323.6785714286,123,0,3076,28,28,28,705,0,2764,200.5348140354,0,751.0743935916,11388,0,121063,5717446,0,538668543
"Image 12_SIM_P1-2.czi",3,8,47034.057493506,48,71.520833333333,99.125,16,31.302974264139,31.302974264139,"Yellow", , ,1333,181,8428,457.39583333333,45.8125,6847.4583333333,84,0,4120,48,48,48,1249,181,4308,359.41890095715,51.180804351266,1179.7521189033,21955,2199,328678,16113677,223857,2316024218
"Image 12_SIM_P1-2.czi",3,9,64671.82905357,66,102.57575757576,113.5,16,31.302974264139,31.302974264139,"Yellow", , ,1874,6,6078,518.27272727273,0.34848484848485,4391.8484848485,54,0,3612,66,66,66,1820,6,2466,483.57051973052,1.1831174496925,698.07489663027,34206,23,289862,32927666,99,1304705042
"Image 12_SIM_P1-2.czi",3,10,41154.800306818,42,109.30952380952,145.42857142857,16,31.302974264139,31.302974264139,"Yellow", , ,1257,48,6120,465.54761904762,5.9285714285714,3817.3333333333,97,0,2611,42,42,42,1160,48,3509,334.96197107637,12.186343530408,846.22858200851,19553,249,160328,13703033,7565,641385634
"Image 12_SIM_P1-2.czi",3,11,43114.55270238,44,85.681818181818,152.68181818182,16,31.302974264139,31.302974264139,"Yellow", , ,1359,28,6789,451.43181818182,3.0909090909091,4465.3409090909,73,0,2432,44,44,44,1286,28,4357,348.81536381563,6.7851348526236,1269.5054511031,19863,136,196475,14198693,2400,946628551
"Image 12_SIM_P1-2.czi",3,12,41154.800306818,42,149.69047619048,215.42857142857,16,31.302974264139,31.302974264139,"Yellow", , ,1007,111,275,447.92857142857,13.142857142857,41.333333333333,158,0,0,42,42,42,849,111,275,255.49057477314,26.470942586046,59.520304658719,18813,552,1736,11103173,35984,217004
"Image 12_SIM_P1-2.czi",13,14,37235.295515692,38,77.184210526316,44.315789473684,16,31.302974264139,31.302974264139,"Fuchsia", , ,11,6572,6031,1.0263157894737,2276.7894736842,5563.9473684211,0,380,4576,38,38,38,11,6192,1455,2.3991760083836,1735.295771314,399.69866672542,39,86518,211430,253,308399574,1182296476
"Image 12_SIM_P1-2.czi",13,15,40174.924109036,41,98.036585365854,74.573170731707,16,31.302974264139,31.302974264139,"Fuchsia", , ,0,5201,2979,0,2008.6829268293,1594.9756097561,0,512,987,41,41,41,0,4689,1992,0,1367.0351209648,453.92033925596,0,82356,65394,0,240178492,112543582
"Image 12_SIM_P1-2.czi",1,2,32491714.842232,33159,138.81599264152,115.25903977804,17,31.302974264139,31.302974264139,"Orange",8,4, , , , , , , , , , , , , , , , , , , , , , , , 
"Image 12_SIM_P1-2.czi",3,4,64671.82905357,66,146.65151515152,16.621212121212,17,31.302974264139,31.302974264139,"Yellow", , ,2447,586,1322,656.21212121212,108.10606060606,715.62121212121,21,0,179,66,66,66,2426,586,1143,650.29599213687,135.201289114,336.820781615,43310,7135,47231,55908064,1959497,41173641
"Image 12_SIM_P1-2.czi",3,5,74470.591031384,76,86.96052631579,43.25,17,31.302974264139,31.302974264139,"Yellow", , ,2574,23,9239,641.05263157895,1.2105263157895,7777.3684210526,48,0,6597,76,76,76,2526,23,2642,663.89175613171,4.0309330250739,792.19047948677,48720,92,591080,64288504,1330,4644114358
"Image 12_SIM_P1-2.czi",3,6,32335.914526785,33,51.075757575758,68.924242424242,17,31.302974264139,31.302974264139,"Yellow", , ,878,2,6624,389.72727272727,0.12121212121212,4920.0303030303,105,0,3339,33,33,33,773,2,3285,218.32648612904,0.41514875026728,902.71263024455,12861,4,162361,6537609,6,824897523
"Image 12_SIM_P1-2.czi",3,7,30376.162131222,31,71.629032258065,99.467741935484,17,31.302974264139,31.302974264139,"Yellow", , ,869,60,8352,399.54838709677,19.677419354839,6858.935483871,92,0,4840,31,31,31,777,60,3512,223.87240989898,17.879946116202,976.68353576389,12386,610,212627,6452372,21594,1487012197
"Image 12_SIM_P1-2.czi",3,8,63691.952855789,65,102.53076923077,113.59230769231,17,31.302974264139,31.302974264139,"Yellow", , ,1556,3,5858,449.50769230769,0.076923076923077,4335.2615384615,51,0,3622,65,65,65,1505,3,2236,400.50016085659,0.40726574201053,649.16377163536,29218,5,281792,23399340,11,1248612490
"Image 12_SIM_P1-2.czi",3,9,48013.933691287,49,109.07142857143,145.31632653061,17,31.302974264139,31.302974264139,"Yellow", , ,1805,43,7063,551.59183673469,4.4489795918367,4197.3265306122,53,0,2929,49,49,49,1752,43,4134,474.24329719246,9.3631841638982,966.12704883457,27028,218,205669,25703946,5178,908063221
"Image 12_SIM_P1-2.czi",3,10,24496.904944534,25,85.5,152.5,17,31.302974264139,31.302974264139,"Yellow", , ,878,20,7144,431.92,2.64,5174.04,151,0,3324,25,25,25,727,20,3820,208.02722578227,5.3219670548899,1159.1902878015,10798,66,129351,5702480,854,701516579
"Image 12_SIM_P1-2.czi",3,11,51933.438482413,53,149.85849056604,215.17924528302,17,31.302974264139,31.302974264139,"Yellow", , ,1287,121,435,456.64150943396,11.88679245283,69,72,0,0,53,53,53,1215,121,435,340.32462411982,27.13120569024,108.29997514028,24202,630,3657,17074322,45766,862235
"Image 12_SIM_P1-2.czi",12,13,39195.047911255,40,77.125,44.4,17,31.302974264139,31.302974264139,"Fuchsia", , ,23,7464,6692,2.625,2406.05,6106.35,0,424,4981,40,40,40,23,7040,1711,5.0621141828292,1963.8211176304,457.52155897081,105,96242,244254,1275,381970206,1499664126
"Image 12_SIM_P1-2.czi",12,14,20577.400153409,21,182.30952380952,49.357142857143,17,31.302974264139,31.302974264139,"Fuchsia", , ,0,2696,79,0,1585.9047619048,13.809523809524,0,785,0,21,21,21,0,1911,79,0,579.39674703625,24.262355713366,0,33304,290,0,59530984,15778
"Image 12_SIM_P1-2.czi",12,15,30376.162131222,31,97.564516129032,74.758064516129,17,31.302974264139,31.302974264139,"Fuchsia", , ,0,4017,2382,0,1916.3870967742,1587.064516129,0,657,1128,31,31,31,0,3360,1254,0,964.84688517296,313.78378282759,0,59408,49199,0,141776610,81035795
"Image 12_SIM_P1-2.czi",12,16,17637.771560065,18,77.444444444444,130.72222222222,17,31.302974264139,31.302974264139,"Fuchsia", , ,0,2350,4174,0,1359.8888888889,3284.1111111111,0,585,2360,18,18,18,0,1765,1814,0,511.92863575363,535.61145804298,0,24478,59114,0,37742566,199013898
"Image 12_SIM_P1-2.czi",1,2,32454479.546717,33121,138.93721505993,115.46579209565,18,31.302974264139,31.302974264139,"Orange",7,4, , , , , , , , , , , , , , , , , , , , , , , , 
"Image 12_SIM_P1-2.czi",3,4,63691.952855789,65,146.73076923077,16.653846153846,18,31.302974264139,31.302974264139,"Yellow", , ,2120,313,1360,589.07692307692,87.938461538462,697.67692307692,22,1,150,65,65,65,2098,312,1210,566.09728370253,82.372795289745,355.25625028335,38290,5716,45349,43065588,936914,39716199
"Image 12_SIM_P1-2.czi",3,5,48013.933691287,49,86.887755102041,43.214285714286,18,31.302974264139,31.302974264139,"Yellow", , ,1204,4,9856,481.55102040816,0.3265306122449,8415.1224489796,115,0,7404,49,49,49,1089,4,2452,316.08510597256,0.89878981372271,679.3836555,23596,16,412341,16158348,44,3492054989
"Image 12_SIM_P1-2.czi",3,6,30376.162131222,31,51.209677419355,68.693548387097,18,31.302974264139,31.302974264139,"Yellow", , ,752,5,7559,352.74193548387,0.54838709677419,5613.7419354839,96,0,3311,31,31,31,656,5,4248,187.89003304095,1.3376274936723,1130.860202611,10935,17,174026,4916313,63,1015302398
"Image 12_SIM_P1-2.czi",3,7,31356.038329004,32,41.84375,93.96875,18,31.302974264139,31.302974264139,"Yellow", , ,846,351,5407,353.28125,70.9375,3820.5,83,0,2021,32,32,32,763,351,3386,216.24108922533,103.39649257794,1084.6860702377,11305,2270,122256,5443411,492444,503551908
"Image 12_SIM_P1-2.czi",3,8,44094.428900162,45,102.5,113.5,18,31.302974264139,31.302974264139,"Yellow", , ,1062,0,5506,432.17777777778,0,4216.8444444444,103,0,3640,45,45,45,959,0,1866,265.3652105109,0,526.50118516467,19448,0,189758,11503416,0,812376922
"Image 12_SIM_P1-2.czi",3,9,51933.438482413,53,109.16037735849,145.08490566038,18,31.302974264139,31.302974264139,"Yellow", , ,2031,14,7527,563.8679245283,1.3962264150943,4677.1509433962,45,0,3294,53,53,53,1986,14,4233,524.29825032851,3.4156856651535,1001.3036578578,29885,74,247889,31145403,710,1211549939
"Image 12_SIM_P1-2.czi",3,10,52913.314680194,54,149.88888888889,215.11111111111,18,31.302974264139,31.302974264139,"Yellow", , ,1329,106,615,455.61111111111,10.148148148148,87.111111111111,83,0,0,54,54,54,1246,106,615,353.99719733816,23.829114432122,147.4805604928,24603,548,4704,17851043,35656,1562548
"Image 12_SIM_P1-2.czi",11,12,35275.543120129,36,77.083333333333,44.5,18,31.302974264139,31.302974264139,"Fuchsia", , ,25,6207,7398,5.3611111111111,2204.1388888889,6746.1944444444,0,472,5453,36,36,36,25,5735,1945,6.9904129360055,1650.7028659293,469.75287238197,193,79349,242863,2745,270264915,1646124393
"Image 12_SIM_P1-2.czi",11,13,32335.914526785,33,182.10606060606,49.287878787879,18,31.302974264139,31.302974264139,"Fuchsia", , ,0,4023,260,0,1846.4545454546,32.818181818182,0,559,0,33,33,33,0,3464,260,0,1005.5620658029,59.916845787232,0,60933,1083,0,144866977,150423
"Image 12_SIM_P1-2.czi",11,14,27436.533537878,28,167.28571428571,57.928571428571,18,31.302974264139,31.302974264139,"Fuchsia", , ,48,3105,1665,13.392857142857,1694.9642857143,556.25,0,751,101,28,28,28,48,2354,1564,14.307054167151,721.88223529895,445.79081832593,375,47459,15575,10549,94511387,14029289
"Image 12_SIM_P1-2.czi",11,15,22537.152548972,23,97.065217391304,74.673913043478,18,31.302974264139,31.302974264139,"Fuchsia", , ,0,2547,1963,0,1497.3913043478,1559.5217391304,0,695,1228,23,23,23,0,1852,735,0,546.85761310588,180.2339059932,0,34440,35869,0,58149328,56653139
"Image 12_SIM_P1-2.czi",1,2,32520131.251968,33188,139.07918524768,115.55869591419,19,31.302974264139,31.302974264139,"Orange",7,6, , , , , , , , , , , , , , , , , , , , , , , , 
"Image 12_SIM_P1-2.czi",3,4,62712.076658008,64,146.546875,16.40625,19,31.302974264139,31.302974264139,"Yellow", , ,1626,318,1355,473.265625,88.75,688.828125,46,2,162,64,64,64,1580,316,1193,422.46165383184,80.647380614624,372.69441734515,30289,5680,44085,25578595,913852,39117759
"Image 12_SIM_P1-2.czi",3,5,15678.019164502,16,86,43,19,31.302974264139,31.302974264139,"Yellow", , ,563,1,9502,431.5625,0.1875,8857.6875,303,0,8458,16,16,16,260,1,1044,90.225619975703,0.40311288741493,299.17836792344,6905,3,141723,3102049,3,1256680661
"Image 12_SIM_P1-2.czi",3,6,31356.038329004,32,41.875,93.84375,19,31.302974264139,31.302974264139,"Yellow", , ,821,638,5950,347.8125,119.46875,4101.5625,90,0,2063,32,32,32,731,638,3887,209.40536972811,178.54645810436,1253.10380945,11130,3823,131250,5230522,1444973,587008422
"Image 12_SIM_P1-2.czi",3,7,26456.657340097,27,184.42592592593,97.907407407407,19,31.302974264139,31.302974264139,"Yellow", , ,613,3,13085,345.77777777778,0.14814814814815,10853.407407407,125,0,8834,27,27,27,488,3,4251,139.06454874607,0.60151754905685,1270.7264808659,9336,4,293042,3730994,10,3222487604
"Image 12_SIM_P1-2.czi",3,8,23517.028746753,24,102.41666666667,113.58333333333,19,31.302974264139,31.302974264139,"Yellow", , ,613,0,4928,376.125,0,4060.9583333333,138,0,3660,24,24,24,475,0,1268,128.56205150415,0,363.15303746931,9027,0,97463,3775429,0,398826425
"Image 12_SIM_P1-2.czi",3,9,51933.438482413,53,109.06603773585,145.44339622642,19,31.302974264139,31.302974264139,"Yellow", , ,1771,6,7684,490.8679245283,0.52830188679245,4882.8490566038,43,0,3711,53,53,53,1728,6,3973,455.15137117463,1.2950166851451,903.12652227663,26016,28,258791,23542884,102,1306050541
"Image 12_SIM_P1-2.czi",3,10,39195.047911255,40,149.65,215,19,31.302974264139,31.302974264139,"Yellow", , ,1093,21,618,477.8,3,65.2,127,0,0,40,40,40,966,21,618,291.20837547831,5.9052345314809,133.7366719935,19112,120,2608,12439004,1720,867576
"Image 12_SIM_P1-2.czi",11,12,22537.152548972,23,95.282608695652,12.413043478261,19,31.302974264139,31.302974264139,"Fuchsia", , ,338,2737,1344,81.521739130435,1445.3043478261,692.69565217391,9,571,313,23,23,23,329,2166,1031,91.192538353658,618.92035284199,279.91970192484,1875,33242,15932,335807,56472180,12759838
"Image 12_SIM_P1-2.czi",11,13,30376.162131222,31,76.91935483871,44.564516129032,19,31.302974264139,31.302974264139,"Fuchsia", , ,60,4059,8142,12.903225806452,1630.0967741936,7458.9677419355,1,466,6475,31,31,31,59,3593,1667,14.971873271148,1048.9018814881,458.70880260945,400,50533,231228,11886,115379535,1731034606
"Image 12_SIM_P1-2.czi",11,14,36255.419317911,37,182.28378378378,49.5,19,31.302974264139,31.302974264139,"Fuchsia", , ,1,4530,293,0.027027027027027,1963.5405405405,46.135135135135,0,695,0,37,37,37,1,3835,293,0.16439898730536,1136.2048082834,71.490932665992,1,72651,1707,1,189127793,262747
"Image 12_SIM_P1-2.czi",11,15,24496.904944534,25,167.3,57.98,19,31.302974264139,31.302974264139,"Fuchsia", , ,103,3059,1577,34,1747.04,598,1,763,136,25,25,25,102,2296,1441,32.704484911604,696.9654749938,438.03015497414,850,43676,14950,54570,87961980,13544990
"Image 12_SIM_P1-2.czi",11,16,24496.904944534,25,202.14,121.86,19,31.302974264139,31.302974264139,"Fuchsia", , ,114,2697,7194,31.04,1388.72,5443.52,0,492,4433,25,25,25,114,2205,2761,37.062424817237,690.33328424272,772.97181492385,776,34718,136088,57054,59651022,755137400
"Image 12_SIM_P1-2.czi",11,17,32335.914526785,33,153.68181818182,182.68181818182,19,31.302974264139,31.302974264139,"Fuchsia", , ,0,3426,5196,0,1414.4848484849,2598.3333333333,0,453,628,33,33,33,0,2973,4568,0,846.1098525462,1343.2864937037,0,46678,85745,0,88934184,280535487
"Image 12_SIM_P1-2.czi",1,2,32539728.775924,33208,139.27487352445,115.56558660564,20,31.302974264139,31.302974264139,"Orange",6,7, , , , , , , , , , , , , , , , , , , , , , , , 
"Image 12_SIM_P1-2.czi",3,4,44094.428900162,45,146.5,16.5,20,31.302974264139,31.302974264139,"Yellow", , ,1134,223,1312,453.75555555556,82.155555555556,703.71111111111,105,3,167,45,45,45,1029,220,1145,281.35533627874,74.807314772249,363.10746106742,20419,3697,31667,12748311,549959,28085689
"Image 12_SIM_P1-2.czi",3,5,27436.533537878,28,184.17857142857,98.5,20,31.302974264139,31.302974264139,"Yellow", , ,884,6,13369,465.03571428571,0.46428571428571,10767.428571429,195,0,8217,28,28,28,689,6,5152,204.81129203224,1.2904820476643,1502.3921278482,13021,13,301488,7187817,51,3307194422
"Image 12_SIM_P1-2.czi",3,6,36255.419317911,37,109.25675675676,145.28378378378,20,31.302974264139,31.302974264139,"Yellow", , ,1200,0,7320,451.5945945946,0,5144.0810810811,55,0,4155,37,37,37,1145,0,3165,313.32486331278,0,758.46329942627,16709,0,190331,11079903,0,999787693
"Image 12_SIM_P1-2.czi",3,7,31356.038329004,32,225.0625,167.84375,20,31.302974264139,31.302974264139,"Yellow", , ,881,112,12886,460.5,20.53125,10063.3125,158,1,7869,32,32,32,723,111,5017,206.87100546772,27.213592873724,1626.011892142,14736,657,322026,8112592,36447,3322609626
"Image 12_SIM_P1-2.czi",3,8,17637.771560065,18,223.83333333333,179.33333333333,20,31.302974264139,31.302974264139,"Yellow", , ,642,0,10450,360.55555555556,0,9527.3888888889,104,0,8194,18,18,18,538,0,2256,181.01843332273,0,614.48889703164,6490,0,171493,2897056,0,1640299645
"Image 12_SIM_P1-2.czi",3,9,33315.790724567,34,150,214.61764705882,20,31.302974264139,31.302974264139,"Yellow", , ,775,15,528,371.38235294118,1.7058823529412,96.647058823529,99,0,0,34,34,34,676,15,528,195.49331767327,3.4861580117243,151.35286531669,12627,58,3286,5950627,500,1073536
"Image 12_SIM_P1-2.czi",10,11,19597.523955627,20,95.4,12.45,20,31.302974264139,31.302974264139,"Fuchsia", , ,368,2559,1345,93.95,1446.4,758,11,671,359,20,20,20,357,1888,986,97.678029097751,571.20854335348,303.53478947405,1879,28928,15160,357811,48040764,13241814
"Image 12_SIM_P1-2.czi",10,12,27436.533537878,28,123.17857142857,44.178571428571,20,31.302974264139,31.302974264139,"Fuchsia", , ,8,3344,4284,1.1785714285714,1499.8214285714,3325.75,0,495,2926,28,28,28,8,2849,1358,2.1439591522603,836.45623974318,358.38553883276,33,41995,93121,163,81875795,313165051
"Image 12_SIM_P1-2.czi",10,13,16657.895362283,17,76.676470588235,44.558823529412,20,31.302974264139,31.302974264139,"Fuchsia", , ,71,2230,8862,23.235294117647,1264.7058823529,8280.7058823529,4,648,7624,17,17,17,67,1582,1238,19.233854956056,484.15335441184,343.79422710138,395,21500,140772,15097,30941648,1167582640
"Image 12_SIM_P1-2.czi",10,14,30376.162131222,31,182.08064516129,49.758064516129,20,31.302974264139,31.302974264139,"Fuchsia", , ,0,3818,330,0,1864,66.516129032258,0,686,0,31,31,31,0,3132,330,0,911.71194281235,86.484630992156,0,57784,2062,0,132645936,361544
"Image 12_SIM_P1-2.czi",10,15,21557.27635119,22,175.40909090909,86.409090909091,20,31.302974264139,31.302974264139,"Fuchsia", , ,0,2530,12418,0,1402.0909090909,10414.545454546,0,698,8706,22,22,22,0,1832,3712,0,541.74716551357,1032.7401243789,0,30846,229120,0,49412186,2408578250
"Image 12_SIM_P1-2.czi",10,16,21557.27635119,22,202,121.77272727273,20,31.302974264139,31.302974264139,"Fuchsia", , ,91,2522,7207,28.136363636364,1391.7727272727,5692.6363636364,1,647,4760,22,22,22,90,1875,2447,28.900972886154,629.24345593723,729.00300773137,619,30619,125238,34957,50929583,724094746
"Image 12_SIM_P1-2.czi",10,17,30376.162131222,31,153.79032258065,182.79032258065,20,31.302974264139,31.302974264139,"Fuchsia", , ,0,4716,5972,0,2029.0967741936,2985.064516129,0,580,665,31,31,31,0,4136,5307,0,1177.1630687048,1563.3632534909,0,62902,92537,0,169205632,349552055
"Image 12_SIM_P1-2.czi",1,2,32500533.728012,33168,139.5063615533,115.59120236372,21,31.302974264139,31.302974264139,"Orange",3,5, , , , , , , , , , , , , , , , , , , , , , , , 
"Image 12_SIM_P1-2.czi",3,4,35275.543120129,36,146.25,16.666666666667,21,31.302974264139,31.302974264139,"Yellow", , ,756,263,1269,362.77777777778,85.583333333333,681,68,5,198,36,36,36,688,258,1071,181.43052367404,72.856169461285,331.00487696019,13060,3081,24516,5889974,449463,20530144
"Image 12_SIM_P1-2.czi",3,5,38215.171713473,39,183.9358974359,98.423076923077,21,31.302974264139,31.302974264139,"Yellow", , ,1064,27,13551,444.71794871795,2.8205128205128,10461.41025641,68,0,7840,39,39,39,996,27,5711,278.08054008619,6.0822078525543,1550.390014055,17344,110,407995,10651682,1716,4359544027
"Image 12_SIM_P1-2.czi",3,6,58792.571866882,60,225.4,168.08333333333,21,31.302974264139,31.302974264139,"Yellow", , ,1444,60,15060,462.01666666667,23.783333333333,10490.633333333,67,0,7356,60,60,60,1377,60,7704,381.7133759936,15.736271031877,2274.1340014382,27721,1427,629438,21404165,48549,6908332706
"Image 12_SIM_P1-2.czi",7,8,27436.533537878,28,123.17857142857,44.5,21,31.302974264139,31.302974264139,"Fuchsia", , ,5,4714,4807,0.67857142857143,2025.7142857143,3457.1428571429,0,586,2990,28,28,28,5,4128,1817,1.3348205990867,1176.6045893963,434.47343304414,19,56720,96800,61,152277270,339748142
"Image 12_SIM_P1-2.czi",7,9,17637.771560065,18,181.88888888889,49.833333333333,21,31.302974264139,31.302974264139,"Fuchsia", , ,0,2426,247,0,1547.7222222222,71.111111111111,0,804,0,18,18,18,0,1622,247,0,475.4381020584,74.926543548362,0,27859,1280,0,46960697,186460
"Image 12_SIM_P1-2.czi",7,10,31356.038329004,32,175.34375,86.59375,21,31.302974264139,31.302974264139,"Fuchsia", , ,0,3527,13466,0,1445.0625,10282.59375,0,459,7611,32,32,32,0,3068,5855,0,871.04816123654,1525.9299408806,0,46242,329043,0,90343052,3455597823
"Image 12_SIM_P1-2.czi",7,11,18617.647757846,19,194.55263157895,129.34210526316,21,31.302974264139,31.302974264139,"Fuchsia", , ,0,2784,6124,0,1499.4210526316,5436.5263157895,0,582,4888,19,19,19,0,2202,1236,0,645.26543339324,385.49468484894,0,28489,103294,0,50211621,564235460
"Image 12_SIM_P1-2.czi",7,12,38215.171713473,39,153.57692307692,182.9358974359,21,31.302974264139,31.302974264139,"Fuchsia", , ,0,5112,8028,0,1902.4358974359,3370.6923076923,0,342,453,39,39,39,0,4770,7575,0,1338.6499246565,2126.2458162816,0,74195,131457,0,209246609,614896107
"Image 12_SIM_P1-2.czi",1,2,32458399.051508,33125,139.92125283019,115.83092830189,22,31.302974264139,31.302974264139,"Orange",6,5, , , , , , , , , , , , , , , , , , , , , , , , 
"Image 12_SIM_P1-2.czi",3,4,26456.657340097,27,166.90740740741,56.314814814815,22,31.302974264139,31.302974264139,"Yellow", , ,720,718,1832,407.81481481482,346.14814814815,959.33333333333,174,55,562,27,27,27,546,663,1270,163.38299436907,203.52654404538,330.48658764825,11011,9346,25902,5184493,4312100,27688408
"Image 12_SIM_P1-2.czi",3,5,33315.790724567,34,142.5,60.323529411765,22,31.302974264139,31.302974264139,"Yellow", , ,881,9,14091,449.88235294118,0.70588235294118,13086.058823529,107,0,12224,34,34,34,774,9,1867,214.47762682018,1.8994323197353,427.35046586773,15296,24,444926,8399422,136,5828354546
"Image 12_SIM_P1-2.czi",3,6,36255.419317911,37,183.87837837838,98.581081081081,22,31.302974264139,31.302974264139,"Yellow", , ,1047,47,13601,462.43243243243,7.6216216216216,10230.864864865,64,0,7655,37,37,37,983,47,5946,273.96913254158,12.722140262269,1585.0041388338,17110,282,378542,10614346,7976,3963252620
"Image 12_SIM_P1-2.czi",3,7,18617.647757846,19,159.92105263158,135.39473684211,22,31.302974264139,31.302974264139,"Yellow", , ,603,0,5224,413.36842105263,0,4668.7368421053,167,0,4005,19,19,19,436,0,1219,119.65840757307,0,368.80194053859,7854,0,88706,3504322,0,416593238
"Image 12_SIM_P1-2.czi",3,8,67611.457646914,69,226.0652173913,167.99275362319,22,31.302974264139,31.302974264139,"Yellow", , ,2169,86,16302,586.02898550725,32.521739130435,11153.84057971,33,1,7188,69,69,69,2136,85,9114,585.73832169359,23.828189370904,2716.7358637938,40436,2244,769615,47026746,111588,9086047473
"Image 12_SIM_P1-2.czi",3,9,30376.162131222,31,179.20967741936,177.79032258065,22,31.302974264139,31.302974264139,"Yellow", , ,770,3,8125,373.41935483871,0.29032258064516,6224.1935483871,143,0,4572,31,31,31,627,3,3553,184.8391686834,0.69250985009104,1033.5519473916,11576,9,192950,5347668,17,1233005034
"Image 12_SIM_P1-2.czi",10,11,23517.028746753,24,155.95833333333,17.125,22,31.302974264139,31.302974264139,"Fuchsia", , ,2,2428,24,0.29166666666667,1405.2083333333,9.125,0,592,0,24,24,24,2,1836,24,0.55003293709019,586.29403360479,5.4398889055152,7,33725,219,9,55296687,2679
"Image 12_SIM_P1-2.czi",10,12,29396.285933441,30,123.16666666667,44.7,22,31.302974264139,31.302974264139,"Fuchsia", , ,3,4825,4914,0.23333333333333,1999.2333333333,3650.3,0,601,3108,30,30,30,3,4224,1806,0.67891055392436,1206.4241172054,461.74370783384,7,59977,109509,15,162116333,405923713
"Image 12_SIM_P1-2.czi",10,13,32335.914526785,33,175.40909090909,86.80303030303,22,31.302974264139,31.302974264139,"Fuchsia", , ,0,3801,13587,0,1465.8181818182,9950,0,451,7195,33,33,33,0,3350,6392,0,949.6212552429,1664.2924923222,0,48372,328350,0,99761534,3355718324
"Image 12_SIM_P1-2.czi",10,14,19597.523955627,20,194.4,129.45,22,31.302974264139,31.302974264139,"Fuchsia", , ,0,2786,6034,0,1461.25,5393.8,0,614,4959,20,20,20,0,2172,1075,0,638.99426527367,341.82999775974,0,29225,107876,0,50462991,584081676
"Image 12_SIM_P1-2.czi",10,15,32335.914526785,33,153.40909090909,183.04545454546,22,31.302974264139,31.302974264139,"Fuchsia", , ,0,4346,8147,0,1919.9090909091,3698.6060606061,0,627,707,33,33,33,0,3719,7440,0,1114.7188368496,2222.5432917521,0,63357,122054,0,161402819,609500022
"Image 12_SIM_P1-2.czi",1,2,32412344.870212,33078,140.2839954048,116.09362718423,23,31.302974264139,31.302974264139,"Orange",11,5, , , , , , , , , , , , , , , , , , , , , , , , 
"Image 12_SIM_P1-2.czi",3,4,42134.676504599,43,167.61627906977,56.383720930233,23,31.302974264139,31.302974264139,"Yellow", , ,1086,392,2152,444.23255813954,133.58139534884,1102.7209302326,88,16,634,43,43,43,998,376,1518,270.426192484,102.15726265074,351.90578592934,19102,5744,47417,11557204,1205608,57488901
"Image 12_SIM_P1-2.czi",3,5,41154.800306818,42,142.30952380952,60.428571428571,23,31.302974264139,31.302974264139,"Yellow", , ,1010,15,14452,440.52380952381,1.3095238095238,13234.880952381,120,0,11774,42,42,42,890,15,2678,264.42586107385,3.481575864378,632.6286315699,18502,55,555865,11017334,569,7373216079
"Image 12_SIM_P1-2.czi",3,6,43114.55270238,44,149.06818181818,68.886363636364,23,31.302974264139,31.302974264139,"Yellow", , ,619,172,16111,375.79545454546,27.136363636364,13672.75,138,0,11476,44,44,44,481,172,4635,132.61249363175,41.985374479577,1259.0302308098,16535,1194,601601,6969979,108200,8293701829
"Image 12_SIM_P1-2.czi",3,7,29396.285933441,30,139,87.5,23,31.302974264139,31.302974264139,"Yellow", , ,757,2,4790,351.8,0.16666666666667,3980.2666666667,77,0,2730,30,30,30,680,2,2060,191.99953304541,0.53066863050523,557.7550403694,10554,5,119408,4781948,9,484297312
"Image 12_SIM_P1-2.czi",3,8,32335.914526785,33,183.92424242424,98.924242424242,23,31.302974264139,31.302974264139,"Yellow", , ,845,94,13114,422,19.393939393939,9975.8484848485,156,0,7588,33,33,33,689,94,5526,203.96629623543,28.64321406758,1443.6239581608,13926,640,329203,7208044,38666,3350768853
"Image 12_SIM_P1-2.czi",3,9,35275.543120129,36,159.88888888889,135.36111111111,23,31.302974264139,31.302974264139,"Yellow", , ,778,0,5475,379.30555555556,0,4730.8333333333,89,0,3868,36,36,36,689,0,1607,187.8077770251,0,449.12629467827,13655,0,170310,6413929,0,812768230
"Image 12_SIM_P1-2.czi",3,10,17637.771560065,18,203.5,153.16666666667,23,31.302974264139,31.302974264139,"Yellow", , ,616,3,12322,395.16666666667,0.66666666666667,10839,201,0,9231,18,18,18,415,3,3091,123.21394592573,1.0289915108551,981.45630090608,7113,12,195102,3068909,26,2131085938
"Image 12_SIM_P1-2.czi",3,11,16657.895362283,17,246.08823529412,162.44117647059,23,31.302974264139,31.302974264139,"Yellow", , ,609,244,184,443.76470588235,90.764705882353,37.647058823529,224,5,0,17,17,17,385,239,184,108.03907245284,75.127000315936,58.234376849579,7544,1543,640,3534520,230355,78354
"Image 12_SIM_P1-2.czi",3,12,69571.210042477,71,225.79577464789,168.42957746479,23,31.302974264139,31.302974264139,"Yellow", , ,2909,218,15987,722.84507042254,57.549295774648,10736.394366197,37,1,7207,71,71,71,2872,217,8780,776.25302664029,65.339506476862,2560.1834168606,51322,4086,762284,79277668,533994,8642999382
"Image 12_SIM_P1-2.czi",3,13,33315.790724567,34,179.44117647059,177.41176470588,23,31.302974264139,31.302974264139,"Yellow", , ,938,10,8628,416.41176470588,0.88235294117647,6244,101,0,4411,34,34,34,837,10,4217,233.6377820275,2.3965215434086,1142.5805190114,14158,30,212296,7696916,216,1368657402
"Image 12_SIM_P1-2.czi",3,14,24496.904944534,25,192.5,186.5,23,31.302974264139,31.302974264139,"Yellow", , ,744,97,4442,410.64,22.52,3284.56,145,1,1998,25,25,25,599,96,2444,163.31816596244,20.184812772643,719.27122144571,10266,563,82114,4855778,22457,282124786
"Image 12_SIM_P1-2.czi",15,16,31356.038329004,32,156.125,17.65625,23,31.302974264139,31.302974264139,"Fuchsia", , ,4,3012,49,0.6875,1469.25,11.34375,0,516,0,32,32,32,4,2496,49,1.0297979758029,738.42329848261,12.277988106179,22,47016,363,48,85981596,8791
"Image 12_SIM_P1-2.czi",15,17,29396.285933441,30,123.13333333333,44.866666666667,23,31.302974264139,31.302974264139,"Fuchsia", , ,0,3563,5202,0,1577.2,3866.1333333333,0,604,3280,30,30,30,0,2959,1922,0,878.45410454565,516.0875181951,0,47316,115984,0,97005562,456133652
"Image 12_SIM_P1-2.czi",15,18,23517.028746753,24,175.41666666667,86.583333333333,23,31.302974264139,31.302974264139,"Fuchsia", , ,0,3130,13229,0,1476.4166666667,9896.7083333333,0,508,7452,24,24,24,0,2622,5777,0,739.97731555517,1693.3197258169,0,35434,237521,0,64909376,2416624689
"Image 12_SIM_P1-2.czi",15,19,19597.523955627,20,146.25,142.75,23,31.302974264139,31.302974264139,"Fuchsia", , ,0,2189,9361,0,1340.05,9054.65,0,662,8809,20,20,20,0,1527,552,0,488.21538333641,173.18024531805,0,26801,181093,0,40443411,1640303569
"Image 12_SIM_P1-2.czi",15,20,31356.038329004,32,153,183,23,31.302974264139,31.302974264139,"Fuchsia", , ,0,2987,9524,0,1447.375,3842.53125,0,466,555,32,32,32,0,2521,8969,0,770.87460802022,2570.195800052,0,46316,122961,0,85458298,677264585
"Image 12_SIM_P1-2.czi",1,2,32446640.537134,33113,140.96881889288,116.17656207532,24,31.302974264139,31.302974264139,"Orange",9,3, , , , , , , , , , , , , , , , , , , , , , , , 
"Image 12_SIM_P1-2.czi",3,4,49973.68608685,51,167.93137254902,56.460784313726,24,31.302974264139,31.302974264139,"Yellow", , ,1344,207,3005,480.47058823529,65,1422.6470588235,73,3,870,51,51,51,1271,204,2135,337.44850587556,56.122722670947,492.33890049556,24504,3315,72555,17467026,372963,115340037
"Image 12_SIM_P1-2.czi",3,5,45074.305097943,46,141.86956521739,60.54347826087,24,31.302974264139,31.302974264139,"Yellow", , ,1139,18,14699,429.97826086957,1.1304347826087,13340.913043478,78,0,11614,46,46,46,1061,18,3085,290.59161792075,3.3573051074547,758.12707308023,19779,52,613682,12304497,566,8212942248
"Image 12_SIM_P1-2.czi",3,6,55852.943273538,57,148.06140350877,68.868421052632,24,31.302974264139,31.302974264139,"Yellow", , ,754,339,16382,379.80701754386,55.578947368421,13050.684210526,80,0,10265,57,57,57,674,339,6117,167.84936258831,86.644171217775,1673.1323293014,21649,3168,743889,9800153,596478,9865025247
"Image 12_SIM_P1-2.czi",3,7,22537.152548972,23,139.63043478261,87.326086956522,24,31.302974264139,31.302974264139,"Yellow", , ,676,3,4978,365.95652173913,0.34782608695652,4299.3043478261,77,0,3412,23,23,23,599,3,1566,158.99156017076,0.83168479891308,475.55980742151,8417,8,98884,3636379,18,430107868
"Image 12_SIM_P1-2.czi",3,8,26456.657340097,27,159.90740740741,135.57407407407,24,31.302974264139,31.302974264139,"Yellow", , ,848,0,5271,470.66666666667,0,4752.6666666667,148,0,4121,27,27,27,700,0,1150,186.16225346559,0,336.78696758999,12708,0,128322,6882298,0,612820754
"Image 12_SIM_P1-2.czi",3,9,22537.152548972,23,203.5,153.32608695652,24,31.302974264139,31.302974264139,"Yellow", , ,634,3,12548,377.04347826087,0.47826086956522,10861.782608696,121,0,9063,23,23,23,513,3,3485,138.29792552867,0.84582209699372,1046.5850509035,8672,11,249821,3690500,21,2737598879
"Image 12_SIM_P1-2.czi",3,10,75450.467229165,77,225.61688311688,168.16233766234,24,31.302974264139,31.302974264139,"Yellow", , ,3256,438,15822,718.81818181818,103.06493506494,10440.181818182,35,0,6734,77,77,77,3221,438,9088,838.26769570649,130.35279433566,2596.6588944017,55349,7936,803894,93190515,2109304,8905239966
"Image 12_SIM_P1-2.czi",3,11,31356.038329004,32,179.28125,177.125,24,31.302974264139,31.302974264139,"Yellow", , ,955,5,8175,435.5,0.40625,6314.0625,108,0,4263,32,32,32,847,5,3912,236.32618246003,1.0429293422391,1104.4323293717,13936,13,202050,7800480,39,1313569222
"Image 12_SIM_P1-2.czi",3,12,41154.800306818,42,192.71428571429,186.71428571429,24,31.302974264139,31.302974264139,"Yellow", , ,1170,139,4359,455.14285714286,33.238095238095,2980.9047619048,97,0,1780,42,42,42,1073,139,2579,302.44068730576,28.021602749908,764.82999257204,19116,1396,125198,12450796,78594,397186876
"Image 12_SIM_P1-2.czi",13,14,15678.019164502,16,123,45,24,31.302974264139,31.302974264139,"Fuchsia", , ,0,1935,4650,0,1319,3854.5625,0,631,3454,16,16,16,0,1304,1196,0,384.15240031356,321.6119750569,0,21104,61673,0,30049772,239273947
"Image 12_SIM_P1-2.czi",13,15,16657.895362283,17,63.617647058824,102.20588235294,24,31.302974264139,31.302974264139,"Fuchsia", , ,61,3174,11822,16.647058823529,1711.4117647059,10468.176470588,0,813,8541,17,17,17,61,2361,3281,20.395897799774,746.87482709818,1124.6958052788,283,29094,177959,11367,58716966,1883145267
"Image 12_SIM_P1-2.czi",13,16,19597.523955627,20,152.4,183.2,24,31.302974264139,31.302974264139,"Fuchsia", , ,0,1919,9097,0,1215.65,3697.15,0,566,671,20,20,20,0,1353,8426,0,403.40266875406,2341.6665067741,0,24313,73943,0,32648039,377563001
"Image 12_SIM_P1-2.czi",1,2,32493674.594628,33161,141.32494496547,116.13794819215,25,31.302974264139,31.302974264139,"Orange",10,2, , , , , , , , , , , , , , , , , , , , , , , , 
"Image 12_SIM_P1-2.czi",3,4,50953.562284631,52,168,56.5,25,31.302974264139,31.302974264139,"Yellow", , ,1320,112,3621,481,35.115384615385,1790.4230769231,80,1,1059,52,52,52,1240,111,2562,340.35218207489,30.834570518573,577.66267876452,25012,1826,93102,17938592,112610,183710372
"Image 12_SIM_P1-2.czi",3,5,42134.676504599,43,141.36046511628,60.755813953488,25,31.302974264139,31.302974264139,"Yellow", , ,1139,12,14969,433.16279069767,0.65116279069767,13444.720930233,57,0,11512,43,43,43,1082,12,3457,296.1759395257,2.1031011221554,910.2480647128,18626,28,578123,11752338,204,7807501563
"Image 12_SIM_P1-2.czi",3,6,48993.809889068,50,147.38,68.66,25,31.302974264139,31.302974264139,"Yellow", , ,910,582,16004,396.88,82.98,12562.08,90,0,10087,50,50,50,820,582,5917,206.41118463605,142.30830142006,1510.997087208,19844,4149,628104,9963360,1336615,8002165194
"Image 12_SIM_P1-2.czi",3,7,32335.914526785,33,68.954545454546,83.924242424242,25,31.302974264139,31.302974264139,"Yellow", , ,836,0,11521,402.06060606061,0,8569.8787878788,109,0,6355,33,33,33,727,0,5166,210.86102345413,0,1402.4453589529,13268,0,282806,6757336,0,2486552436
"Image 12_SIM_P1-2.czi",3,8,31356.038329004,32,159.84375,135.875,25,31.302974264139,31.302974264139,"Yellow", , ,767,0,5520,378.15625,0,4811.3125,113,0,4148,32,32,32,654,0,1372,184.3149669898,0,382.63993329028,12101,0,153962,5629201,0,745298108
"Image 12_SIM_P1-2.czi",3,9,34295.666922348,35,174.18571428571,160.58571428571,25,31.302974264139,31.302974264139,"Yellow", , ,872,17,14989,352.71428571429,2.2571428571429,13996.571428571,99,0,12396,35,35,35,773,17,2593,214.84201739179,3.9432955547274,786.33865948137,12345,79,489880,5923599,707,6877663580
"Image 12_SIM_P1-2.czi",3,10,72510.838635821,74,225.62162162162,168.35135135135,25,31.302974264139,31.302974264139,"Yellow", , ,2877,668,15535,657.32432432432,135.33783783784,10271.662162162,27,0,6488,74,74,74,2850,668,9047,745.84158786886,189.91571865573,2659.2888702172,48642,10015,760103,72581986,3988371,8323763887
"Image 12_SIM_P1-2.czi",3,11,26456.657340097,27,200.24074074074,173.42592592593,25,31.302974264139,31.302974264139,"Yellow", , ,880,932,7798,348.85185185185,191.25925925926,6763.4814814815,55,1,5323,27,27,27,825,931,2475,241.95624265934,266.30630030858,748.28251402643,9419,5164,182614,4807949,2831558,1249664502
"Image 12_SIM_P1-2.czi",3,12,24496.904944534,25,179.5,177.5,25,31.302974264139,31.302974264139,"Yellow", , ,817,0,7545,439.36,0,5841.28,173,0,4134,25,25,25,644,0,3411,181.15736253324,0,929.54605946487,10984,0,146032,5613562,0,873751142
"Image 12_SIM_P1-2.czi",3,13,56832.819471319,58,193,187.12068965517,25,31.302974264139,31.302974264139,"Yellow", , ,1570,214,3939,469.13793103448,38.48275862069,2661.6206896552,43,0,1680,58,58,58,1527,214,2259,425.17548279219,39.083465063621,669.73186118044,27210,2232,154374,23069372,172962,436451856
"Image 12_SIM_P1-2.czi",14,15,24496.904944534,25,156.54,18.9,25,31.302974264139,31.302974264139,"Fuchsia", , ,9,2779,106,4.24,1666,25.48,2,607,0,25,25,25,7,2172,106,2.2037846234754,587.45326055213,31.919325389697,106,41650,637,566,77671332,40683
"Image 12_SIM_P1-2.czi",14,16,15678.019164502,16,56,109,25,31.302974264139,31.302974264139,"Fuchsia", , ,36,2562,10172,5.75,1651.3125,9627.375,0,826,9317,16,16,16,36,1736,855,9.9565723687087,528.63935012445,267.27485852583,92,26421,154038,2016,47821221,1484053128
"Image 12_SIM_P1-2.czi",1,2,32691609.58658,33363,141.9956388814,115.98778587058,26,31.302974264139,31.302974264139,"Orange",11,1, , , , , , , , , , , , , , , , , , , , , , , , 
"Image 12_SIM_P1-2.czi",3,4,19597.523955627,20,149,17.5,26,31.302974264139,31.302974264139,"Yellow", , ,625,253,532,391.35,44,206.5,207,4,27,20,20,20,418,249,505,125.08366673635,60.508372626396,146.89290764291,7827,880,4130,3360369,108284,1262818
"Image 12_SIM_P1-2.czi",3,5,16657.895362283,17,155.55882352941,46.088235294118,26,31.302974264139,31.302974264139,"Yellow", , ,696,0,3842,441.52941176471,0,3080.0588235294,217,0,2379,17,17,17,479,0,1463,147.44876976727,0,480.77560651881,7506,0,52361,3661978,0,164973283
"Image 12_SIM_P1-2.czi",3,6,43114.55270238,44,168.43181818182,56.704545454546,26,31.302974264139,31.302974264139,"Yellow", , ,1040,55,4201,453.77272727273,16.227272727273,2146.3409090909,96,0,1399,44,44,44,944,55,2802,268.39062677602,13.780443906111,570.80550767302,19966,714,94439,12157468,19752,216708503
"Image 12_SIM_P1-2.czi",3,7,28416.40973566,29,140.91379310345,60.568965517241,26,31.302974264139,31.302974264139,"Yellow", , ,1082,1,14922,510.72413793103,0.068965517241379,13763.103448276,145,0,12341,29,29,29,937,1,2581,259.17573968142,0.25788071477756,759.30533783131,14811,2,399130,9445153,2,5509410728
"Image 12_SIM_P1-2.czi",3,8,33315.790724567,34,146.88235294118,68.147058823529,26,31.302974264139,31.302974264139,"Yellow", , ,917,522,14510,415.41176470588,82.852941176471,11975.5,71,0,10377,34,34,34,846,522,4133,234.07032323862,141.23441342868,1052.1847472874,14124,2817,407167,7675310,891653,4912562469
"Image 12_SIM_P1-2.czi",3,9,37235.295515692,38,69.105263157895,83.789473684211,26,31.302974264139,31.302974264139,"Yellow", , ,1020,0,11878,437.89473684211,0,8744.2105263158,66,0,6555,38,38,38,954,0,5323,264.59615219299,0,1402.5832568224,16640,0,332280,9876980,0,2978314146
"Image 12_SIM_P1-2.czi",3,10,23517.028746753,24,192.41666666667,109.58333333333,26,31.302974264139,31.302974264139,"Yellow", , ,802,0,8926,379.875,0,5367.4583333333,112,0,2764,24,24,24,690,0,6162,190.81502823415,0,1814.5880111922,9117,0,128819,4300759,0,767163397
"Image 12_SIM_P1-2.czi",3,11,28416.40973566,29,174.43103448276,160.91379310345,26,31.302974264139,31.302974264139,"Yellow", , ,1056,9,15382,466.62068965517,1.3448275862069,14566.24137931,151,0,13248,29,29,29,905,9,2134,254.22254224443,2.4389087441044,599.59579570457,13532,39,422421,8123926,219,6163152673
"Image 12_SIM_P1-2.czi",3,12,67611.457646914,69,226.03623188406,168.51449275362,26,31.302974264139,31.302974264139,"Yellow", , ,2062,752,16690,507.46376811594,128.94202898551,10565.130434783,23,0,6452,69,69,69,2039,752,10238,535.70079389498,199.35291526646,2866.5668280707,35015,8897,728994,37283167,3849625,8260686662
"Image 12_SIM_P1-2.czi",3,13,22537.152548972,23,200.32608695652,173.36956521739,26,31.302974264139,31.302974264139,"Yellow", , ,917,546,7748,394.26086956522,123.95652173913,6725.7391304348,55,2,4963,23,23,23,862,544,2785,250.43674893552,160.34351710706,838.21423912502,9068,2851,154692,4954966,919021,1055875306
"Image 12_SIM_P1-2.czi",3,14,54873.067075757,56,192.76785714286,187.01785714286,26,31.302974264139,31.302974264139,"Yellow", , ,1870,169,3522,548.57142857143,40.303571428571,2400.6607142857,50,0,1552,56,56,56,1820,169,1970,500.57410157621,35.953970392893,575.71578457637,30720,2257,134437,30633708,162063,340967301
"Image 12_SIM_P1-2.czi",15,16,22537.152548972,23,72.586956521739,158.71739130435,26,31.302974264139,31.302974264139,"Fuchsia", , ,1,2718,4050,0.043478260869565,1434.2608695652,1590.8260869565,0,610,99,23,23,23,1,2108,3951,0.20851441405708,641.13161444088,1134.844108324,1,32988,36589,1,56356492,86539901
"Image 12_SIM_P1-2.czi",1,2,32933639.007432,33610,142.55361499554,115.8190419518,27,31.302974264139,31.302974264139,"Orange",10,4, , , , , , , , , , , , , , , , , , , , , , , , 
"Image 12_SIM_P1-2.czi",3,4,25476.781142316,26,149,17.5,27,31.302974264139,31.302974264139,"Yellow", , ,862,225,498,496.65384615385,49.692307692308,182.38461538462,275,5,10,26,26,26,587,220,488,187.58484849426,49.509408585253,143.16370403788,12913,1292,4742,7292993,125482,1377264
"Image 12_SIM_P1-2.czi",3,5,25476.781142316,26,156,46.5,27,31.302974264139,31.302974264139,"Yellow", , ,714,0,4796,396.88461538462,0,3751.0769230769,195,0,2922,26,26,26,519,0,1874,156.9112684094,0,574.31043334259,10319,0,97528,4710981,0,374080842
"Image 12_SIM_P1-2.czi",3,6,27436.533537878,28,168.35714285714,57,27,31.302974264139,31.302974264139,"Yellow", , ,686,16,4174,392.21428571429,6.5714285714286,2625.0357142857,140,0,1959,28,28,28,546,16,2215,160.85658603191,5.3224094476132,503.5536296528,10982,184,73501,5005918,1974,199789039
"Image 12_SIM_P1-2.czi",3,7,37235.295515692,38,69.236842105263,83.631578947368,27,31.302974264139,31.302974264139,"Yellow", , ,954,0,11781,410.07894736842,0,8874.8421052632,65,0,6707,38,38,38,889,0,5074,249.26284635267,0,1401.8124469977,15583,0,337244,8689143,0,3065695142
"Image 12_SIM_P1-2.czi",3,8,24496.904944534,25,159.42,94.9,27,31.302974264139,31.302974264139,"Yellow", , ,596,49,3876,333,7.48,3571.12,145,0,3242,25,25,25,451,49,634,141.59390288192,13.829678231976,196.95035753543,8325,187,89278,3253397,5989,319753398
"Image 12_SIM_P1-2.czi",3,9,25476.781142316,26,192.69230769231,109.5,27,31.302974264139,31.302974264139,"Yellow", , ,825,0,9070,372.96153846154,0,5318.1923076923,102,0,2502,26,26,26,723,0,6568,201.41032362205,0,1958.6221691634,9697,0,138273,4630761,0,831267425
"Image 12_SIM_P1-2.czi",3,10,31356.038329004,32,179.03125,116.15625,27,31.302974264139,31.302974264139,"Yellow", , ,819,0,8689,336.90625,0,6777.1875,69,0,4626,32,32,32,750,0,4063,224.20675357084,0,1146.3622530957,10781,0,216870,5190515,0,1510507192
"Image 12_SIM_P1-2.czi",3,11,37235.295515692,38,174.34210526316,160.89473684211,27,31.302974264139,31.302974264139,"Yellow", , ,1002,5,15755,358.76315789474,0.68421052631579,14860.447368421,64,0,13564,38,38,38,938,5,2191,256.74716074754,1.3775274198065,590.73077497825,13633,26,564697,7330025,88,8404561673
"Image 12_SIM_P1-2.czi",3,12,43114.55270238,44,225.54545454546,168.43181818182,27,31.302974264139,31.302974264139,"Yellow", , ,1218,536,13428,448.02272727273,106.02272727273,9694.0227272727,82,0,6807,44,44,44,1136,536,6621,312.0040614402,147.90859663938,2061.3224755745,19713,4665,426537,13017773,1435305,4317568537
"Image 12_SIM_P1-2.czi",3,13,52913.314680194,54,193,186.94444444444,27,31.302974264139,31.302974264139,"Yellow", , ,1803,103,2976,546.07407407407,29.018518518519,2058.0185185185,50,0,1396,54,54,54,1753,103,1580,482.84470927766,23.490255499338,412.04586165065,29488,1567,111133,28459000,74717,237712207
"Image 12_SIM_P1-2.czi",14,15,24496.904944534,25,39.58,65.3,27,31.302974264139,31.302974264139,"Fuchsia", , ,11,2801,3,2.04,1430.56,0.12,0,474,0,25,25,25,11,2327,3,2.908034846192,644.00971007173,0.6,51,35764,3,307,61116512,9
"Image 12_SIM_P1-2.czi",14,16,21557.27635119,22,180.31818181818,99.772727272727,27,31.302974264139,31.302974264139,"Fuchsia", , ,129,2123,7314,68.318181818182,1224,6696.0454545455,26,602,6104,22,22,22,103,1521,1210,32.184566493062,464.56892461107,345.42926741647,1503,26928,147313,124435,37492182,988920293
"Image 12_SIM_P1-2.czi",14,17,18617.647757846,19,35.973684210526,130.86842105263,27,31.302974264139,31.302974264139,"Fuchsia", , ,10,2606,0,1.8947368421053,1784.5263157895,0,0,1016,0,19,19,19,10,1590,0,2.7867690739179,466.52133075218,0,36,33906,0,208,64423708,0
"Image 12_SIM_P1-2.czi",14,18,16657.895362283,17,72.5,158.73529411765,27,31.302974264139,31.302974264139,"Fuchsia", , ,1,2476,3553,0.058823529411765,1516.5294117647,1427.9411764706,0,680,251,17,17,17,1,1796,3302,0.24253562503633,535.70877322094,977.98066638535,1,25781,24275,1,43689387,49966411
"Image 12_SIM_P1-2.czi",1,2,33195265.952239,33877,143.17606340585,115.42106739086,28,31.302974264139,31.302974264139,"Orange",10,2, , , , , , , , , , , , , , , , , , , , , , , , 
"Image 12_SIM_P1-2.czi",3,4,39195.047911255,40,149.5,18,28,31.302974264139,31.302974264139,"Yellow", , ,1044,404,750,460.375,88.575,209.875,88,7,0,40,40,40,956,397,750,272.98799518078,83.252746932428,199.09876269754,18415,3543,8395,11384181,584131,3307873
"Image 12_SIM_P1-2.czi",3,5,30376.162131222,31,135.20967741936,37.209677419355,28,31.302974264139,31.302974264139,"Yellow", , ,716,3,6058,337.32258064516,0.12903225806452,5131.6129032258,122,0,4283,31,31,31,594,3,1775,167.18241277056,0.56225353023175,503.70121285139,10457,4,159080,4365881,10,823948428
"Image 12_SIM_P1-2.czi",3,6,22537.152548972,23,156.32608695652,46.5,28,31.302974264139,31.302974264139,"Yellow", , ,623,0,5344,377.65217391304,0,4312.8260869565,194,0,3511,23,23,23,429,0,1833,128.16204540121,0,595.46220795842,8686,0,99195,3641648,0,435611439
"Image 12_SIM_P1-2.czi",3,7,19597.523955627,20,140.55,60.45,28,31.302974264139,31.302974264139,"Yellow", , ,679,0,15415,380,0,14219.4,113,0,12593,20,20,20,566,0,2822,165.41049416209,0,888.42861870063,7600,0,284388,3407852,0,4058823530
"Image 12_SIM_P1-2.czi",3,8,31356.038329004,32,69,84,28,31.302974264139,31.302974264139,"Yellow", , ,673,0,12082,337.875,0,9294.15625,100,0,6835,32,32,32,573,0,5247,167.26813513715,0,1478.9317877654,10812,0,297413,4520442,0,2832007309
"Image 12_SIM_P1-2.czi",3,9,32335.914526785,33,179.07575757576,116.07575757576,28,31.302974264139,31.302974264139,"Yellow", , ,952,0,8854,366.09090909091,0,6813.4545454546,88,0,4709,33,33,33,864,0,4145,249.6620670572,0,1186.546725031,12081,0,224844,6417341,0,1577016954
"Image 12_SIM_P1-2.czi",3,10,34295.666922348,35,201.81428571429,149.67142857143,28,31.302974264139,31.302974264139,"Yellow", , ,667,69,11330,343.77142857143,8.4857142857143,10158.257142857,137,0,8993,35,35,35,530,69,2337,151.8534676267,15.799053263839,539.72031661599,12032,297,355539,4920280,11007,3621560719
"Image 12_SIM_P1-2.czi",3,11,18617.647757846,19,154.07894736842,149.39473684211,28,31.302974264139,31.302974264139,"Yellow", , ,625,14,13896,385.94736842105,2.2631578947368,12653.842105263,177,0,11068,19,19,19,448,14,2828,142.42131304463,3.9558972189653,930.34153007006,7333,43,240423,3195261,379,3057854317
"Image 12_SIM_P1-2.czi",3,12,27436.533537878,28,174.5,161,28,31.302974264139,31.302974264139,"Yellow", , ,744,2,15841,335.53571428571,0.35714285714286,15189.535714286,81,0,14065,28,28,28,663,2,1776,184.07757667028,0.67846699279881,454.41378452479,9395,10,425307,4067241,16,6465791147
"Image 12_SIM_P1-2.czi",3,13,45074.305097943,46,193.4347826087,187.4347826087,28,31.302974264139,31.302974264139,"Yellow", , ,1415,78,2545,504.97826086957,17.086956521739,1749.5434782609,65,0,1272,46,46,46,1350,78,1273,378.51102958422,15.510320702976,283.0641628498,23229,786,80479,18177317,24256,144407149
"Image 12_SIM_P1-2.czi",14,15,34295.666922348,35,39.614285714286,65.385714285714,28,31.302974264139,31.302974264139,"Fuchsia", , ,11,3863,17,2.2571428571429,1501.7142857143,0.62857142857143,0,435,0,35,35,35,11,3428,17,3.0807071107979,972.84614500379,2.9112935702366,79,52560,22,501,111108710,302
"Image 12_SIM_P1-2.czi",14,16,34295.666922348,35,36.185714285714,131.32857142857,28,31.302974264139,31.302974264139,"Fuchsia", , ,16,3001,15,2.5714285714286,1684.9428571429,0.82857142857143,0,600,0,35,35,35,16,2401,15,3.9428693216229,694.96550667079,2.7704927814562,90,58973,29,760,115787355,285
"Image 12_SIM_P1-2.czi",1,2,33324609.610347,34009,143.62552559617,115.56680584551,29,31.302974264139,31.302974264139,"Orange",7,3, , , , , , , , , , , , , , , , , , , , , , , , 
"Image 12_SIM_P1-2.czi",3,4,34295.666922348,35,149.07142857143,18.071428571429,29,31.302974264139,31.302974264139,"Yellow", , ,1041,248,910,491.48571428571,77.514285714286,232.51428571429,118,8,0,35,35,35,923,240,910,264.04682867077,65.81988409939,222.02588235828,17202,2713,8138,10825042,357593,3568248
"Image 12_SIM_P1-2.czi",3,5,36255.419317911,37,135.58108108108,36.878378378378,29,31.302974264139,31.302974264139,"Yellow", , ,1139,1,7265,463.05405405405,0.027027027027027,5513.3783783784,70,0,4431,37,37,37,1069,1,2834,287.2201000729,0.16439898730536,735.75314215176,17133,1,203995,10903339,1,1144189599
"Image 12_SIM_P1-2.czi",3,6,18617.647757846,19,156.92105263158,89.605263157895,29,31.302974264139,31.302974264139,"Yellow", , ,642,65,5563,431.94736842105,8.2105263157895,4766.1578947368,241,0,4174,19,19,19,401,65,1389,113.05430046576,15.998537944896,381.82678783243,8207,156,90557,3775055,5888,434233211
"Image 12_SIM_P1-2.czi",3,7,26456.657340097,27,179.05555555556,116.27777777778,29,31.302974264139,31.302974264139,"Yellow", , ,904,0,8770,394.85185185185,0,6981.4074074074,92,0,4851,27,27,27,812,0,3919,227.11632121409,0,1143.5463819344,10661,0,188498,5550643,0,1349981490
"Image 12_SIM_P1-2.czi",3,8,32335.914526785,33,201.77272727273,148.95454545455,29,31.302974264139,31.302974264139,"Yellow", , ,761,59,10638,378.87878787879,7.6969696969697,9826.6666666667,117,0,9092,33,33,33,644,59,1546,188.12209425925,15.030146474014,347.14844327271,12503,254,324280,5869599,9184,3190447852
"Image 12_SIM_P1-2.czi",3,9,23517.028746753,24,154.41666666667,149.41666666667,29,31.302974264139,31.302974264139,"Yellow", , ,732,16,14102,401.375,2.125,12878.75,130,0,11252,24,24,24,602,16,2850,171.84695225694,4.1839496630109,909.02065074357,9633,51,309090,4545667,511,3999698164
"Image 12_SIM_P1-2.czi",3,10,35275.543120129,36,193.13888888889,187.5,29,31.302974264139,31.302974264139,"Yellow", , ,941,31,2193,418.41666666667,6.5833333333333,1515.7777777778,151,0,1187,36,36,36,790,31,1006,230.15850128615,5.9683690042949,240.23989333416,15063,237,54568,8156663,2807,84732994
"Image 12_SIM_P1-2.czi",11,12,27436.533537878,28,163.28571428571,12,29,31.302974264139,31.302974264139,"Fuchsia", , ,85,3264,164,19.678571428571,1513.3928571429,24.857142857143,0,454,0,28,28,28,85,2810,164,24.335697862938,819.21549370863,42.3562617573,551,42375,696,26833,82250101,65740
"Image 12_SIM_P1-2.czi",11,13,34295.666922348,35,39.5,65.5,29,31.302974264139,31.302974264139,"Fuchsia", , ,7,4053,17,1.6,1535.7714285714,0.65714285714286,0,413,0,35,35,35,7,3640,17,2.0320954123037,1020.5457907044,2.9400165780131,56,53752,23,230,117962252,309
"Image 12_SIM_P1-2.czi",11,14,35275.543120129,36,36.111111111111,132.05555555556,29,31.302974264139,31.302974264139,"Fuchsia", , ,18,2713,30,3.1111111111111,1658.9444444444,4.5833333333333,0,626,0,36,36,36,18,2087,30,4.241143900801,616.85589632052,5.9443851057712,112,59722,165,978,112393372,1993
"Image 12_SIM_P1-2.czi",1,2,33475510.544805,34163,143.99641424933,115.4855399116,30,31.302974264139,31.302974264139,"Orange",6,6, , , , , , , , , , , , , , , , , , , , , , , , 
"Image 12_SIM_P1-2.czi",3,4,21557.27635119,22,148.59090909091,18.409090909091,30,31.302974264139,31.302974264139,"Yellow", , ,800,139,648,485.18181818182,63.136363636364,244.63636363636,228,15,19,22,22,22,572,124,629,174.8149052062,42.115821543007,180.85051587128,10674,1389,5382,5820596,124945,2003478
"Image 12_SIM_P1-2.czi",3,5,52913.314680194,54,135.92592592593,37,30,31.302974264139,31.302974264139,"Yellow", , ,1618,4,7664,491.42592592593,0.16666666666667,5845.0185185185,49,0,4609,54,54,54,1569,4,3055,419.01004634472,0.66588003905741,813.00436283591,26537,9,315631,22346149,25,1879900773
"Image 12_SIM_P1-2.czi",3,6,32335.914526785,33,156.92424242424,89.924242424242,30,31.302974264139,31.302974264139,"Yellow", , ,948,83,6190,466.24242424242,9.3333333333333,5054.9696969697,166,0,4258,33,33,33,782,83,1932,219.72084992995,17.675312349904,512.24362397499,15386,308,166814,8718478,12872,851636308
"Image 12_SIM_P1-2.czi",3,7,26456.657340097,27,35.092592592593,103.42592592593,30,31.302974264139,31.302974264139,"Yellow", , ,627,207,708,353.07407407407,53.296296296296,138.14814814815,161,1,0,27,27,27,466,206,708,145.73445976684,60.191243175281,222.68427178471,9533,1439,3730,3918057,170891,1804588
"Image 12_SIM_P1-2.czi",3,8,32335.914526785,33,201.92424242424,148.92424242424,30,31.302974264139,31.302974264139,"Yellow", , ,737,101,9999,351.48484848485,11.787878787879,9458,98,0,8619,33,33,33,639,101,1380,183.58089518182,24.932104774464,292.67921859948,11599,389,312114,5155335,24477,2954715368
"Image 12_SIM_P1-2.czi",3,9,21557.27635119,22,154.40909090909,149.27272727273,30,31.302974264139,31.302974264139,"Yellow", , ,694,15,14174,385.68181818182,2.0909090909091,13074.090909091,166,0,11679,22,22,22,528,15,2495,160.90174060547,4.1046905910781,834.01421188593,8485,46,287630,3816187,450,3775107942
"Image 12_SIM_P1-2.czi",10,11,27436.533537878,28,163.71428571429,12,30,31.302974264139,31.302974264139,"Fuchsia", , ,110,4201,167,21.357142857143,1926.9285714286,25.285714285714,0,520,0,28,28,28,110,3681,167,28.340802003491,1060.2696347688,44.037742350429,598,53954,708,34458,134318140,70264
"Image 12_SIM_P1-2.czi",10,12,24496.904944534,25,39.3,65.58,30,31.302974264139,31.302974264139,"Fuchsia", , ,3,3195,4,0.56,1537.04,0.16,0,547,0,25,25,25,3,2648,4,0.96090235369331,739.82635800572,0.8,14,38426,4,30,72198532,16
"Image 12_SIM_P1-2.czi",10,13,20577.400153409,21,145.07142857143,81.595238095238,30,31.302974264139,31.302974264139,"Fuchsia", , ,541,2487,6631,127.90476190476,1306.9047619048,5928,2,484,5517,21,21,21,539,2003,1114,168.95144413763,625.04415082152,346.19922010311,2686,27445,124488,914444,43681605,740361942
"Image 12_SIM_P1-2.czi",10,14,15678.019164502,16,100.5,86,30,31.302974264139,31.302974264139,"Fuchsia", , ,0,2942,2286,0,1846.5,2113.6875,0,1083,1877,16,16,16,0,1859,409,0,573.95656049333,132.20676672042,0,29544,33819,0,59494388,71744977
"Image 12_SIM_P1-2.czi",10,15,19597.523955627,20,107.4,90.2,30,31.302974264139,31.302974264139,"Fuchsia", , ,0,3657,4983,0,1933.35,4002.15,0,932,2930,20,20,20,0,2725,2053,0,818.16059902043,585.79763660554,0,38667,80043,0,87475193,326864111
"Image 12_SIM_P1-2.czi",10,16,15678.019164502,16,36,132.5,30,31.302974264139,31.302974264139,"Fuchsia", , ,9,1953,26,3.3125,1594.25,13.6875,0,1071,7,16,16,16,9,882,19,2.7741365022892,299.96055296211,5.9522404745328,53,25508,219,291,42015774,3529
"Image 12_SIM_P1-2.czi",1,2,33598974.945725,34289,144.39390183441,115.44555105136,31,31.302974264139,31.302974264139,"Orange",4,4, , , , , , , , , , , , , , , , , , , , , , , , 
"Image 12_SIM_P1-2.czi",3,4,51933.438482413,53,135.66981132076,36.952830188679,31,31.302974264139,31.302974264139,"Yellow", , ,1969,3,8087,603.01886792453,0.075471698113208,6247.1886792453,63,0,5089,53,53,53,1906,3,2998,518.46839865742,0.43185897821883,762.74978397001,31960,4,331101,33250576,10,2098703355
"Image 12_SIM_P1-2.czi",3,5,23517.028746753,24,145.58333333333,84.416666666667,31,31.302974264139,31.302974264139,"Yellow", , ,781,3343,5940,372.91666666667,821.83333333333,5705.2083333333,71,11,5494,24,24,24,710,3332,446,196.96234834777,981.73934673494,132.17444966758,8950,19724,136925,4229870,38377520,781587463
"Image 12_SIM_P1-2.czi",3,6,42134.676504599,43,156.61627906977,89.616279069767,31,31.302974264139,31.302974264139,"Yellow", , ,1140,42,6423,447.13953488372,5.2093023255814,5480.511627907,124,0,4467,43,43,43,1016,42,1956,284.42578590116,9.9392395501363,591.67065211641,19227,224,235662,11994869,5316,1306251446
"Image 12_SIM_P1-2.czi",3,7,22537.152548972,23,35.326086956522,103.5,31,31.302974264139,31.302974264139,"Yellow", , ,800,180,603,469.91304347826,47.173913043478,124,244,2,0,23,23,23,556,178,603,168.55344796869,56.025685808884,187.88149069415,10808,1085,2852,5703846,120239,1130236
"Image 12_SIM_P1-2.czi",8,9,27436.533537878,28,163.71428571429,12,31,31.302974264139,31.302974264139,"Fuchsia", , ,166,4532,174,34.964285714286,2078.8571428571,27,0,622,0,28,28,28,166,3910,174,43.627617945735,1141.9471257879,45.809589809542,979,58208,756,85621,156215284,77072
"Image 12_SIM_P1-2.czi",8,10,28416.40973566,29,145.08620689655,81.775862068966,31,31.302974264139,31.302974264139,"Fuchsia", , ,781,3577,6686,157.8275862069,1470.724137931,5940.6551724138,0,483,5494,29,29,29,781,3094,1192,215.88159270527,953.51484730937,343.73175544956,4577,42651,172279,2027313,88185191,1026758375
"Image 12_SIM_P1-2.czi",8,11,18617.647757846,19,100.6052631579,86.078947368421,31,31.302974264139,31.302974264139,"Fuchsia", , ,0,3114,2422,0,1811.8421052632,2182.2631578947,0,847,1872,19,19,19,0,2267,550,0,674.7872309236,181.34155683108,0,34425,41463,0,70568745,91075103
"Image 12_SIM_P1-2.czi",8,12,21557.27635119,22,107.5,90.272727272727,31,31.302974264139,31.302974264139,"Fuchsia", , ,0,3784,4756,0,1843.1363636364,4016.5454545455,0,491,2967,22,22,22,0,3293,1789,0,900.62191715633,528.45567704151,0,40549,88364,0,91770853,360782596
"Image 12_SIM_P1-2.czi",1,2,34064416.139672,34764,143.58902888045,116.01734552986,32,31.302974264139,31.302974264139,"Orange",6,3, , , , , , , , , , , , , , , , , , , , , , , , 
"Image 12_SIM_P1-2.czi",3,4,31356.038329004,32,124.84375,16.125,32,31.302974264139,31.302974264139,"Yellow", , ,894,401,724,385.53125,142,194.6875,107,3,11,32,32,32,787,398,713,211.15366432927,129.29785568164,232.76756196521,12337,4544,6230,6138461,1163504,2892506
"Image 12_SIM_P1-2.czi",3,5,55852.943273538,57,136.18421052632,36.973684210526,32,31.302974264139,31.302974264139,"Yellow", , ,1988,1,8404,567.84210526316,0.035087719298246,6392.0175438597,25,0,5134,57,57,57,1963,1,3270,532.49127388805,0.18563715383028,836.36928983101,32367,2,364345,34257975,2,2368072393
"Image 12_SIM_P1-2.czi",3,6,15678.019164502,16,146,85,32,31.302974264139,31.302974264139,"Yellow", , ,718,2016,5902,439,515,5688.5,184,12,5461,16,16,16,534,2004,441,157.45433200349,653.88765599808,125.91372707798,7024,8240,91016,3455414,10657136,517982330
"Image 12_SIM_P1-2.czi",3,7,36255.419317911,37,156.82432432432,89.716216216216,32,31.302974264139,31.302974264139,"Yellow", , ,1100,21,6690,460.5945945946,2.7297297297297,5701.945945946,130,0,4605,37,37,37,970,21,2085,272.14849494955,5.2527698970726,630.33377163505,17042,101,210972,10515786,1269,1217254484
"Image 12_SIM_P1-2.czi",3,8,24496.904944534,25,35.5,103.5,32,31.302974264139,31.302974264139,"Yellow", , ,861,229,613,465.84,48.44,150.96,168,1,0,25,25,25,693,228,613,189.59049730054,68.490923972937,202.10300179199,11646,1211,3774,6287842,171245,1550018
"Image 12_SIM_P1-2.czi",3,9,33315.790724567,34,230,158,32,31.302974264139,31.302974264139,"Yellow", , ,785,3,21554,352.55882352941,0.11764705882353,15172.705882353,114,0,10581,34,34,34,671,3,10973,190.88695546912,0.53737329062388,3462.6908307935,11987,4,515872,5428571,10,8222851646
"Image 12_SIM_P1-2.czi",10,11,18617.647757846,19,215.13157894737,70.763157894737,32,31.302974264139,31.302974264139,"Fuchsia", , ,63,2342,478,10.947368421053,1453.2631578947,113.57894736842,0,575,0,19,19,19,63,1767,478,18.742327865054,522.40765713561,137.20597484135,208,27612,2158,8600,45039878,583962
"Image 12_SIM_P1-2.czi",10,12,29396.285933441,30,145.1,82,32,31.302974264139,31.302974264139,"Fuchsia", , ,718,3840,6591,153.26666666667,1524,5892.6666666667,1,394,5461,30,30,30,717,3446,1130,211.77964040945,1048.8867333084,307.20725715805,4598,45720,176780,2005388,101582018,1044442526
"Image 12_SIM_P1-2.czi",10,13,15678.019164502,16,100.5,85.875,32,31.302974264139,31.302974264139,"Fuchsia", , ,0,2600,2503,0,1690.75,2181.25,0,732,1863,16,16,16,0,1868,640,0,549.42582150217,233.27537375385,0,27052,34900,0,50266200,76941886
"Image 12_SIM_P1-2.czi",1,2,34312324.81771,35017,143.42834908759,116.13843276123,33,31.302974264139,31.302974264139,"Orange",9,2, , , , , , , , , , , , , , , , , , , , , , , , 
"Image 12_SIM_P1-2.czi",3,4,36255.419317911,37,124.71621621622,16.040540540541,33,31.302974264139,31.302974264139,"Yellow", , ,959,328,951,376,93,243.91891891892,105,1,15,37,37,37,854,327,936,231.43297565866,100.64320918748,292.62066631452,13912,3441,9025,7159116,684659,5283935
"Image 12_SIM_P1-2.czi",3,5,43114.55270238,44,136.18181818182,37.5,33,31.302974264139,31.302974264139,"Yellow", , ,1636,0,8025,586.47727272727,0,6342.4772727273,55,0,5318,44,44,44,1581,0,2707,441.81009751041,0,716.75205692022,25805,0,279069,23527481,0,1792079331
"Image 12_SIM_P1-2.czi",3,6,36255.419317911,37,76.175675675676,68.716216216216,33,31.302974264139,31.302974264139,"Yellow", , ,998,258,12577,456.64864864865,63.864864864865,11470.162162162,118,1,9280,37,37,37,880,257,3297,240.77504672022,74.764505156065,921.55579542645,16896,2363,424396,9802550,352143,4898464484
"Image 12_SIM_P1-2.czi",3,7,26456.657340097,27,115.09259259259,76.574074074074,33,31.302974264139,31.302974264139,"Yellow", , ,637,1,3145,364.40740740741,0.037037037037037,2929.6666666667,165,0,2795,27,27,27,472,1,350,137.8319096858,0.19245008972988,88.085622680872,9839,1,79101,4079343,1,231941299
"Image 12_SIM_P1-2.czi",3,8,28416.40973566,29,156.43103448276,89.913793103448,33,31.302974264139,31.302974264139,"Yellow", , ,848,10,6862,412.72413793103,1.3448275862069,5942.3103448276,145,0,4766,29,29,29,703,10,2096,196.40317435457,2.8444916953519,665.26606403798,11969,39,172327,6019973,279,1036412725
"Image 12_SIM_P1-2.czi",3,9,34295.666922348,35,35.5,103.7,33,31.302974264139,31.302974264139,"Yellow", , ,772,355,1178,335.91428571429,58.4,227.02857142857,92,0,0,35,35,35,680,355,1178,187.79531589544,94.619734292837,346.5018874165,11757,2044,7946,5148425,423768,5886130
"Image 12_SIM_P1-2.czi",3,10,27436.533537878,28,202.64285714286,132,33,31.302974264139,31.302974264139,"Yellow", , ,742,0,5503,401.32142857143,0,4718.3571428571,143,0,3657,28,28,28,599,0,1846,171.2258749855,0,541.04283490898,11237,0,132114,5301243,0,631264674
"Image 12_SIM_P1-2.czi",3,11,22537.152548972,23,163.63043478261,148.67391304348,33,31.302974264139,31.302974264139,"Yellow", , ,647,0,12723,340.73913043478,0,12274.826086957,119,0,11864,23,23,23,528,0,859,160.52080504955,0,219.22438736557,7837,0,282321,3237245,0,3466498481
"Image 12_SIM_P1-2.czi",3,12,38215.171713473,39,230.3717948718,158.3717948718,33,31.302974264139,31.302974264139,"Yellow", , ,1046,0,24408,401.76923076923,0,15992.820512821,86,0,10769,39,39,39,960,0,13639,263.29036018279,0,3958.5911826238,15669,0,623720,8929551,0,10570518888
"Image 12_SIM_P1-2.czi",13,14,22537.152548972,23,215.36956521739,71.152173913044,33,31.302974264139,31.302974264139,"Fuchsia", , ,53,2464,836,7.4782608695652,1476.0434782609,221.52173913044,0,508,0,23,23,23,53,1956,836,15.017776028359,605.88316292386,241.18417511128,172,33949,5095,6248,58186277,2408389
"Image 12_SIM_P1-2.czi",13,15,24496.904944534,25,145.3,82.02,33,31.302974264139,31.302974264139,"Fuchsia", , ,541,3101,6312,106.72,1388.32,5824.56,0,423,5450,25,25,25,541,2678,862,144.79109088615,825.35581821822,245.89192748035,2668,34708,145614,787876,64534904,849588588
"Image 12_SIM_P1-2.czi",1,2,34641563.220165,35353,142.57258224196,116.34247447176,34,31.302974264139,31.302974264139,"Orange",8,2, , , , , , , , , , , , , , , , , , , , , , , , 
"Image 12_SIM_P1-2.czi",3,4,21557.27635119,22,124.59090909091,16.409090909091,34,31.302974264139,31.302974264139,"Yellow", , ,744,216,1227,400.86363636364,44.409090909091,358.31818181818,174,1,24,22,22,22,570,215,1203,164.6353244091,58.445464275445,392.44998302649,8819,977,7883,4104417,115121,6058979
"Image 12_SIM_P1-2.czi",3,5,36255.419317911,37,135.95945945946,37.418918918919,34,31.302974264139,31.302974264139,"Yellow", , ,1099,0,8165,465.40540540541,0,6460.2162162162,124,0,5536,37,37,37,975,0,2629,282.65432947325,0,719.0725560337,17220,0,239028,10890446,0,1562786914
"Image 12_SIM_P1-2.czi",3,6,58792.571866882,60,76.533333333333,68.716666666667,34,31.302974264139,31.302974264139,"Yellow", , ,1504,126,13458,469.7,25.25,11338.833333333,70,0,8179,60,60,60,1434,126,5279,380.66717969233,34.561478016889,1518.7965481928,28182,1515,680330,21786628,108729,7850246316
"Image 12_SIM_P1-2.czi",3,7,27436.533537878,28,115.17857142857,76.5,34,31.302974264139,31.302974264139,"Yellow", , ,737,5,2732,399.82142857143,0.46428571428571,2525.9642857143,141,0,2417,28,28,28,596,5,315,166.02009105804,1.1379690439434,87.045106290363,11195,13,70727,5220193,41,178858451
"Image 12_SIM_P1-2.czi",3,8,43114.55270238,44,203,132,34,31.302974264139,31.302974264139,"Yellow", , ,1188,0,5284,465.36363636364,0,4420.3181818182,101,0,3251,44,44,44,1087,0,2033,312.75736125474,0,631.40447997789,20476,0,194494,13734924,0,876868244
"Image 12_SIM_P1-2.czi",3,9,31356.038329004,32,164,149.125,34,31.302974264139,31.302974264139,"Yellow", , ,816,0,13555,341.59375,0,12792.46875,105,0,12303,32,32,32,711,0,1252,201.10771618231,0,302.0499835132,10931,0,409359,4987735,0,5239540475
"Image 12_SIM_P1-2.czi",3,10,26456.657340097,27,77.574074074074,156.90740740741,34,31.302974264139,31.302974264139,"Yellow", , ,683,11,13386,380.66666666667,1.6296296296296,5180.962962963,150,0,895,27,27,27,533,11,12491,154.33031508374,3.0778132615437,3596.171805187,10278,44,139886,4531756,318,1060987928
"Image 12_SIM_P1-2.czi",3,11,40174.924109036,41,230.35365853659,158.64634146342,34,31.302974264139,31.302974264139,"Yellow", , ,1117,0,24645,400.41463414634,0,16097.585365854,52,0,11032,41,41,41,1065,0,13613,287.05426103872,0,3990.1584929399,16417,0,660001,9869613,0,11261277031
"Image 12_SIM_P1-2.czi",12,13,21557.27635119,22,160.77272727273,118.81818181818,34,31.302974264139,31.302974264139,"Fuchsia", , ,424,2329,7727,143.77272727273,1336.5454545455,6407,37,695,5884,22,22,22,387,1634,1843,103.33299469292,523.47563069424,500.56872417186,3163,29404,140954,678985,45054344,908354228
"Image 12_SIM_P1-2.czi",12,14,15678.019164502,16,131.8125,134.6875,34,31.302974264139,31.302974264139,"Fuchsia", , ,0,2386,4485,0,1423.375,3743.8125,0,648,3261,16,16,16,0,1738,1224,0,543.59922430654,376.04755350886,0,22774,59901,0,36848444,226379289
"Image 12_SIM_P1-2.czi",1,2,34851256.72649,35567,142.07412770265,116.80486124779,35,31.302974264139,31.302974264139,"Orange",8,2, , , , , , , , , , , , , , , , , , , , , , , , 
"Image 12_SIM_P1-2.czi",3,4,69571.210042477,71,76.528169014085,68.711267605634,35,31.302974264139,31.302974264139,"Yellow", , ,1865,46,14016,488.76056338028,8.6338028169014,11382.676056338,31,0,7362,71,71,71,1834,46,6654,470.53141582649,12.080964290533,1931.3507617701,34702,613,808170,32458956,15509,9460245412
"Image 12_SIM_P1-2.czi",3,5,28416.40973566,29,115.91379310345,76.568965517241,35,31.302974264139,31.302974264139,"Yellow", , ,731,17,2345,397,1.7931034482759,2160.8275862069,153,0,2022,29,29,29,578,17,323,160.265182031,3.9404433248125,104.32985771975,11513,52,62664,5289839,528,135710872
"Image 12_SIM_P1-2.czi",3,6,19597.523955627,20,163,121.5,35,31.302974264139,31.302974264139,"Yellow", , ,721,1733,9738,491.15,351.95,7995.65,319,10,6561,20,20,20,402,1723,3177,118.43153696279,463.77676969126,886.76201489048,9823,7039,159913,5091061,6564065,1293548969
"Image 12_SIM_P1-2.czi",3,7,54873.067075757,56,203.23214285714,132.25,35,31.302974264139,31.302974264139,"Yellow", , ,1852,0,5035,550.01785714286,0,4071.8214285714,44,0,2982,56,56,56,1808,0,2053,481.51916760004,0,659.17276276317,30801,0,228022,29693439,0,952362846
"Image 12_SIM_P1-2.czi",3,8,22537.152548972,23,171.67391304348,134.63043478261,35,31.302974264139,31.302974264139,"Yellow", , ,751,6,14576,417.82608695652,0.73913043478261,13915.652173913,162,0,13031,23,23,23,589,6,1545,171.0185136639,1.5438261590886,408.79485950064,9610,17,320060,4658750,65,4457520126
"Image 12_SIM_P1-2.czi",3,9,30376.162131222,31,164.04838709677,149.20967741936,35,31.302974264139,31.302974264139,"Yellow", , ,850,0,14051,351.90322580645,0,13348.612903226,97,0,12953,31,31,31,753,0,1098,209.92575748563,0,292.84577026362,10909,0,413807,5160977,0,5526322219
"Image 12_SIM_P1-2.czi",3,10,31356.038329004,32,77.84375,156.875,35,31.302974264139,31.302974264139,"Yellow", , ,816,22,12873,418.78125,2.9375,5145.625,162,0,814,32,32,32,654,22,12059,187.00832039019,5.70759256633,3468.5048256859,13401,94,164660,6696223,1286,1220224910
"Image 12_SIM_P1-2.czi",3,11,31356.038329004,32,230.125,158.15625,35,31.302974264139,31.302974264139,"Yellow", , ,939,0,21999,403.71875,0,15841.4375,81,0,11415,32,32,32,858,0,10584,232.88419306392,0,3372.1896297797,12919,0,506926,6896929,0,8382958096
"Image 12_SIM_P1-2.czi",12,13,18617.647757846,19,91.815789473684,110.97368421053,35,31.302974264139,31.302974264139,"Fuchsia", , ,14,2425,1527,2.6315789473684,1407,795,0,665,306,19,19,19,14,1760,1221,3.8327612082586,555.05695403465,328.55626949158,50,26733,15105,396,43158919,13951561
"Image 12_SIM_P1-2.czi",12,14,21557.27635119,22,131.59090909091,134.40909090909,35,31.302974264139,31.302974264139,"Fuchsia", , ,0,2806,4421,0,1462.6363636364,3594.4545454546,0,684,3041,22,22,22,0,2122,1380,0,617.44755284921,426.05943328677,0,32178,79078,0,55070784,288054336
"Image 12_SIM_P1-2.czi",1,2,35216750.548262,35940,141.73191430161,117.02022815804,36,31.302974264139,31.302974264139,"Orange",8,5, , , , , , , , , , , , , , , , , , , , , , , , 
"Image 12_SIM_P1-2.czi",3,4,66631.581449133,68,76.588235294118,68.720588235294,36,31.302974264139,31.302974264139,"Yellow", , ,1855,12,14121,496.29411764706,2.2794117647059,11420.220588235,31,0,7267,68,68,68,1824,12,6854,471.31562637618,3.3937853133768,2035.2596141238,33748,155,776575,31632208,1125,9146190677
"Image 12_SIM_P1-2.czi",3,5,19597.523955627,20,116,76.5,36,31.302974264139,31.302974264139,"Yellow", , ,634,33,2123,407,3.95,1815.6,168,0,1648,20,20,20,466,33,475,135.44041222308,8.1723217083803,145.45261481972,8140,79,36312,3661518,1581,66330040
"Image 12_SIM_P1-2.czi",3,6,22537.152548972,23,58.673913043478,91.369565217391,36,31.302974264139,31.302974264139,"Yellow", , ,471,0,25397,293.13043478261,0,23071.565217391,144,0,19443,23,23,23,327,0,5954,93.76532812769,0,1557.2191655783,6742,0,530646,2169708,0,12296182290
"Image 12_SIM_P1-2.czi",3,7,38215.171713473,39,162.9358974359,121.57692307692,36,31.302974264139,31.302974264139,"Yellow", , ,964,1328,10879,466.4358974359,265.07692307692,8577.1538461539,198,2,6573,39,39,39,766,1326,4306,214.55238531856,383.6366417256,1229.619357843,18191,10338,334509,10234179,8333094,2926589779
"Image 12_SIM_P1-2.czi",3,8,67611.457646914,69,203.36956521739,132.44202898551,36,31.302974264139,31.302974264139,"Yellow", , ,2483,0,4878,578.84057971015,0,3770.4782608696,33,0,2739,69,69,69,2450,0,2139,622.01157600322,0,672.91454768867,39940,0,260163,49427984,0,1011730287
"Image 12_SIM_P1-2.czi",3,9,33315.790724567,34,171.23529411765,134.5,36,31.302974264139,31.302974264139,"Yellow", , ,1054,11,15678,473.70588235294,1.2058823529412,14487.882352941,164,0,13379,34,34,34,890,11,2299,254.46301504336,2.3840303506903,568.44928692044,16106,41,492588,9766304,237,7147220434
"Image 12_SIM_P1-2.czi",3,10,18617.647757846,19,165.07894736842,149.39473684211,36,31.302974264139,31.302974264139,"Yellow", , ,723,2,14643,370.1052631579,0.42105263157895,14115.578947368,106,0,13669,19,19,19,617,2,974,186.15074379439,0.69248260898213,313.87883645861,7032,8,268196,3226318,12,3787515170
"Image 12_SIM_P1-2.czi",3,11,28416.40973566,29,77.568965517241,156.91379310345,36,31.302974264139,31.302974264139,"Yellow", , ,802,40,12276,431.65517241379,5.8275862068966,4505.8965517241,143,0,759,29,29,29,659,40,11517,185.46240971884,10.813579312002,3200.977644685,12518,169,130671,6366556,4259,875685229
"Image 12_SIM_P1-2.czi",12,13,22537.152548972,23,199.89130434783,53.45652173913,36,31.302974264139,31.302974264139,"Fuchsia", , ,233,2640,63,33.04347826087,1663.3913043478,27.478260869565,0,839,6,23,23,23,233,1801,57,53.240003979296,534.12006984559,14.282441748262,760,38258,632,87472,69914278,21854
"Image 12_SIM_P1-2.czi",12,14,30376.162131222,31,138.20967741936,85.209677419355,36,31.302974264139,31.302974264139,"Fuchsia", , ,2,3288,6261,0.16129032258065,1467.5806451613,5731.1612903226,0,438,4901,31,31,31,2,2850,1360,0.45436946739765,805.50091140828,402.50201629095,5,45495,177666,7,86232533,1023092738
"Image 12_SIM_P1-2.czi",12,15,25476.781142316,26,187.5,100,36,31.302974264139,31.302974264139,"Fuchsia", , ,3,2634,6464,0.42307692307692,1294.3076923077,4851.4230769231,0,586,3698,26,26,26,3,2048,2766,0.90213422163565,641.31987458558,816.67188873265,11,33652,126137,25,53838322,628617777
"Image 12_SIM_P1-2.czi",12,16,29396.285933441,30,91.866666666667,111.13333333333,36,31.302974264139,31.302974264139,"Fuchsia", , ,8,3424,1463,1.7333333333333,1475.9333333333,679.3,0,515,175,30,30,30,8,2909,1288,2.4059313679169,865.87073708108,352.776196515,52,44278,20379,258,87093608,17452535
"Image 12_SIM_P1-2.czi",12,17,22537.152548972,23,131.71739130435,134.41304347826,36,31.302974264139,31.302974264139,"Fuchsia", , ,0,2905,4579,0,1483.8695652174,3488.6956521739,0,743,2862,23,23,23,0,2162,1717,0,647.40996596563,481.78998015758,0,34129,80240,0,59864057,285039614
"Image 12_SIM_P1-2.czi",1,2,35627318.675133,36359,141.19619626502,117.17768640502,37,31.302974264139,31.302974264139,"Orange",10,6, , , , , , , , , , , , , , , , , , , , , , , , 
"Image 12_SIM_P1-2.czi",3,4,46054.181295724,47,132.52127659575,63.81914893617,37,31.302974264139,31.302974264139,"Yellow", , ,755,26,12720,405.06382978723,9.6170212765957,8235.9361702128,102,0,6391,47,47,47,653,26,6329,171.56205674755,7.8865686358114,1599.9859836921,19038,452,387089,9065548,7208,3305798233
"Image 12_SIM_P1-2.czi",3,5,48993.809889068,50,76.5,68.86,37,31.302974264139,31.302974264139,"Yellow", , ,1453,3,14251,504.14,0.3,11612.42,91,0,8205,50,50,50,1362,3,6046,371.30789303295,0.67763092717894,1798.277930098,25207,15,580621,19463465,27,6900871285
"Image 12_SIM_P1-2.czi",3,6,28416.40973566,29,58.913793103448,91.568965517241,37,31.302974264139,31.302974264139,"Yellow", , ,654,0,25877,356.24137931035,0,23337.862068966,114,0,18822,29,29,29,540,0,7055,147.60508488444,0,1851.2460808126,10331,0,676798,4290373,0,15890977510
"Image 12_SIM_P1-2.czi",3,7,27436.533537878,28,47.357142857143,120,37,31.302974264139,31.302974264139,"Yellow", , ,594,278,9377,343.35714285714,121.32142857143,7192.9285714286,123,8,5122,28,28,28,471,270,4255,133.18692358395,86.193173903235,1204.7755877885,9614,3397,201402,3779982,612719,1487860274
"Image 12_SIM_P1-2.czi",3,8,53893.190877975,55,163.06363636364,121.82727272727,37,31.302974264139,31.302974264139,"Yellow", , ,1158,734,12082,431.05454545455,131,9329.3818181818,91,0,6788,55,55,55,1067,734,5294,279.76302261298,207.32725964666,1614.1244902527,23708,7205,513116,14445878,3265023,4927746566
"Image 12_SIM_P1-2.czi",3,9,30376.162131222,31,34.951612903226,129.20967741936,37,31.302974264139,31.302974264139,"Yellow", , ,720,70,1364,372.06451612903,20.516129032258,1059.5161290323,125,1,587,31,31,31,595,69,777,170.9687954928,18.543410272011,242.20402845091,11534,636,32845,5168302,23364,36559691
"Image 12_SIM_P1-2.czi",3,10,61732.200460226,63,203.7380952381,132.34126984127,37,31.302974264139,31.302974264139,"Yellow", , ,2705,0,4600,665.76190476191,0,3516.0793650794,41,0,2599,63,63,63,2664,0,2001,686.24165108702,0,646.04482271312,41943,0,221513,57121563,0,804734471
"Image 12_SIM_P1-2.czi",3,11,43114.55270238,44,171.45454545455,134.43181818182,37,31.302974264139,31.302974264139,"Yellow", , ,1321,8,16302,495.95454545455,0.90909090909091,14791.704545455,114,0,13310,44,44,44,1207,8,2992,340.04329098852,1.7093203030796,776.04266184413,21822,40,650835,15794786,162,9652855443
"Image 12_SIM_P1-2.czi",3,12,28416.40973566,29,77.431034482759,157.08620689655,37,31.302974264139,31.302974264139,"Yellow", , ,648,65,10110,358.96551724138,7.3793103448276,3880.8620689655,143,0,607,29,29,29,505,65,9503,151.25746327717,14.671190897965,2734.6016780216,10410,214,112545,4377438,7606,646156919
"Image 12_SIM_P1-2.czi",3,13,28416.40973566,29,248.43103448276,181.08620689655,37,31.302974264139,31.302974264139,"Yellow", , ,641,32,174,384.58620689655,7.6206896551724,24.689655172414,143,0,0,29,29,29,498,32,174,124.35361940892,7.9301134611927,49.040146416902,11153,221,716,4722277,3445,85016
"Image 12_SIM_P1-2.czi",14,15,25476.781142316,26,200,53.5,37,31.302974264139,31.302974264139,"Fuchsia", , ,218,2959,60,43.576923076923,1712.2692307692,33.730769230769,0,833,6,26,26,26,218,2126,54,64.049464058287,648.20524883357,14.591936656408,1133,44519,877,151931,86732765,34905
"Image 12_SIM_P1-2.czi",14,16,35275.543120129,36,138.63888888889,85.111111111111,37,31.302974264139,31.302974264139,"Fuchsia", , ,5,4842,6481,0.38888888888889,1896,5987.5833333333,0,575,5111,36,36,36,5,4267,1370,1.1026663211838,1190.4707352256,382.02441021485,14,68256,215553,48,179016096,1295749543
"Image 12_SIM_P1-2.czi",14,17,25476.781142316,26,79.5,90,37,31.302974264139,31.302974264139,"Fuchsia", , ,7,3292,4635,1.9230769230769,1543.2307692308,3712.1153846154,0,619,2866,26,26,26,7,2673,1769,1.916727981182,788.16948977703,459.15804049787,50,40124,96515,188,77450870,363545469
"Image 12_SIM_P1-2.czi",14,18,32335.914526785,33,187.59090909091,100.19696969697,37,31.302974264139,31.302974264139,"Fuchsia", , ,1,3939,5986,0.090909090909091,1543.5757575758,4656.0606060606,0,402,3558,33,33,33,1,3537,2428,0.29193710406057,1026.6494968556,725.29265383852,3,50938,153650,3,112354956,732237294
"Image 12_SIM_P1-2.czi",14,19,32335.914526785,33,91.80303030303,111.40909090909,37,31.302974264139,31.302974264139,"Fuchsia", , ,4,3858,1341,1.030303030303,1532.8787878788,540,0,406,108,33,33,33,4,3452,1233,1.4027840283889,979.57432584184,329.34176777324,34,50585,17820,98,108246781,13093712
"Image 12_SIM_P1-2.czi",14,20,21557.27635119,22,131.59090909091,134.40909090909,37,31.302974264139,31.302974264139,"Fuchsia", , ,0,2524,4082,0,1339.1818181818,3240.4545454546,0,572,2651,22,22,22,0,1952,1431,0,566.28056619813,427.34916328373,0,29462,71290,0,46189122,234847178
"Image 12_SIM_P1-2.czi",1,2,35970275.344356,36709,140.37722356915,117.56445285897,38,31.302974264139,31.302974264139,"Orange",12,5, , , , , , , , , , , , , , , , , , , , , , , , 
"Image 12_SIM_P1-2.czi",3,4,22537.152548972,23,128.5,42.326086956522,38,31.302974264139,31.302974264139,"Yellow", , ,699,0,7157,404.86956521739,0,6294.2173913044,196,0,5244,23,23,23,503,0,1913,145.4439299486,0,569.52587590044,9312,0,144767,4235532,0,918330883
"Image 12_SIM_P1-2.czi",3,5,83289.476811416,85,132.97058823529,64.864705882353,38,31.302974264139,31.302974264139,"Yellow", , ,1036,37,12670,389.88235294118,3.8823529411765,8003.7647058824,69,0,6142,85,85,85,967,37,6528,240.9273952956,6.4704672766896,1647.205112326,33140,330,680320,17796566,4798,5673037118
"Image 12_SIM_P1-2.czi",3,6,28416.40973566,29,76.086206896552,69.051724137931,38,31.302974264139,31.302974264139,"Yellow", , ,889,0,14086,455.86206896552,0,12053.034482759,176,0,9460,29,29,29,713,0,4626,207.34163046561,0,1398.661464267,13220,0,349538,7230232,0,4267768676
"Image 12_SIM_P1-2.czi",3,7,28416.40973566,29,59.086206896552,91.431034482759,38,31.302974264139,31.302974264139,"Yellow", , ,836,0,26343,446.62068965517,0,23764.862068966,156,0,19387,29,29,29,680,0,6956,194.75560028498,0,1840.2142872918,12952,0,689181,6846664,0,16473110287
"Image 12_SIM_P1-2.czi",3,8,26456.657340097,27,86.685185185185,98.759259259259,38,31.302974264139,31.302974264139,"Yellow", , ,740,0,2112,373.22222222222,0,1333.5185185185,121,0,986,27,27,27,619,0,1126,180.04835532826,0,293.23715400684,10077,0,36005,4603813,0,50249023
"Image 12_SIM_P1-2.czi",3,9,28416.40973566,29,47.568965517241,119.91379310345,38,31.302974264139,31.302974264139,"Yellow", , ,763,129,8908,412.65517241379,52.896551724138,6656.2068965517,131,2,4698,29,29,29,632,127,4210,182.15775656244,40.16247789345,1130.4158962622,11967,1534,193030,5867325,126308,1320627140
"Image 12_SIM_P1-2.czi",3,10,55852.943273538,57,162.95614035088,121.93859649123,38,31.302974264139,31.302974264139,"Yellow", , ,1223,335,12739,443.61403508772,59.263157894737,9845.7719298246,94,0,7192,57,57,57,1129,335,5547,292.98877077373,92.852326364385,1666.8882580762,25286,3378,561209,16024400,682998,5681132741
"Image 12_SIM_P1-2.czi",3,11,32335.914526785,33,34.924242424242,129.92424242424,38,31.302974264139,31.302974264139,"Yellow", , ,951,37,1579,473.81818181818,11.090909090909,1298.1515151515,167,1,885,33,33,33,784,36,694,232.83557161459,9.9069534809005,225.88646501231,15636,366,42839,9143418,7200,57244303
"Image 12_SIM_P1-2.czi",3,12,58792.571866882,60,203.78333333333,132.61666666667,38,31.302974264139,31.302974264139,"Yellow", , ,2336,0,4201,597.15,0,3150.5333333333,27,0,2297,60,60,60,2309,0,1904,600.214589451,0,615.67222367559,35829,0,189032,42650483,0,617915702
"Image 12_SIM_P1-2.czi",3,13,48993.809889068,50,172,134.62,38,31.302974264139,31.302974264139,"Yellow", , ,1443,8,16819,489.32,0.82,15038.86,55,0,13437,50,50,50,1388,8,3382,382.14894200763,1.7692382772348,868.8196076357,24466,41,751943,19127556,187,11345353033
"Image 12_SIM_P1-2.czi",3,14,26456.657340097,27,181.42592592593,178.90740740741,38,31.302974264139,31.302974264139,"Yellow", , ,624,0,7179,375.85185185185,0,5395.3333333333,149,0,3858,27,27,27,475,0,3321,139.88998526416,0,1047.8524925551,10148,0,145674,4322944,0,814507654
"Image 12_SIM_P1-2.czi",3,15,23517.028746753,24,248.58333333333,181.41666666667,38,31.302974264139,31.302974264139,"Yellow", , ,829,58,186,505.29166666667,14.416666666667,22.791666666667,277,1,0,24,24,24,552,57,186,157.2830401224,14.23686783661,49.516777276839,12127,346,547,6696645,9650,68861
"Image 12_SIM_P1-2.czi",16,17,17637.771560065,18,84.777777777778,22.611111111111,38,31.302974264139,31.302974264139,"Fuchsia", , ,80,2452,0,18.5,1439.6666666667,0,2,767,0,18,18,18,78,1685,0,20.36216214106,531.20584245547,0,333,25914,0,13209,42104576,0
"Image 12_SIM_P1-2.czi",16,18,37235.295515692,38,138.6052631579,85.289473684211,38,31.302974264139,31.302974264139,"Fuchsia", , ,3,5521,6656,0.15789473684211,2067.0263157895,6180.0263157895,0,476,5317,38,38,38,3,5045,1339,0.59394766306303,1374.2438999632,354.86506661685,6,78547,234841,14,232234929,1455982941
"Image 12_SIM_P1-2.czi",16,19,31356.038329004,32,79.6875,90.21875,38,31.302974264139,31.302974264139,"Fuchsia", , ,19,4076,5023,3.125,1586.53125,3693.625,0,389,3073,32,32,32,19,3687,1950,4.3902384386713,1039.2128529953,437.7223121805,100,50769,118196,910,114025469,442511326
"Image 12_SIM_P1-2.czi",16,20,33315.790724567,34,187.67647058824,100.14705882353,38,31.302974264139,31.302974264139,"Fuchsia", , ,0,4664,6056,0,1737.9117647059,4471.5882352941,0,386,3438,34,34,34,0,4278,2618,0,1217.7430531495,689.99772145636,0,59089,152034,0,151627107,695544642
"Image 12_SIM_P1-2.czi",16,21,29396.285933441,30,91.8,111.5,38,31.302974264139,31.302974264139,"Fuchsia", , ,5,3457,1015,0.96666666666667,1460.7666666667,427.33333333333,0,414,90,30,30,30,5,3043,925,1.3767361035618,862.03730951074,254.75821306964,29,43823,12820,83,85565319,7360564
"Image 12_SIM_P1-2.czi",1,2,36288735.108635,37034,140.04655181725,117.59807204191,39,31.302974264139,31.302974264139,"Orange",15,4, , , , , , , , , , , , , , , , , , , , , , , , 
"Image 12_SIM_P1-2.czi",3,4,26456.657340097,27,128.68518518519,42.092592592593,39,31.302974264139,31.302974264139,"Yellow", , ,729,0,7092,400.51851851852,0,5827.2222222222,130,0,4537,27,27,27,599,0,2555,155.25422584869,0,755.12354227806,10814,0,157335,4957908,0,931651509
"Image 12_SIM_P1-2.czi",3,5,24496.904944534,25,81.5,57.5,39,31.302974264139,31.302974264139,"Yellow", , ,627,3,10983,378.8,0.96,8958.44,156,0,6958,25,25,25,471,3,4025,131.45468167142,0.97809338340808,1143.1062607358,9470,24,223961,4001964,46,2037701787
"Image 12_SIM_P1-2.czi",3,6,97007.743580355,99,133.62121212121,65.207070707071,39,31.302974264139,31.302974264139,"Yellow", , ,1430,73,13464,448.59595959596,5.0505050505051,8023.7575757576,60,0,5840,99,99,99,1370,73,7624,322.04794037826,13.691479353422,1667.1863630687,44411,500,794352,30086653,20896,6646079894
"Image 12_SIM_P1-2.czi",3,7,43114.55270238,44,59.318181818182,91.545454545455,39,31.302974264139,31.302974264139,"Yellow", , ,1029,0,26769,386.77272727273,0,23723.727272727,66,0,18370,44,44,44,963,0,8399,266.58223249264,0,2327.5390373529,17018,0,1043844,9637940,0,24996820204
"Image 12_SIM_P1-2.czi",3,8,28416.40973566,29,86.948275862069,98.086206896552,39,31.302974264139,31.302974264139,"Yellow", , ,856,0,2259,421.93103448276,0,1414.1379310345,70,0,976,29,29,29,786,0,1283,213.64956805722,0,369.03558908302,12236,0,41010,6440840,0,61807040
"Image 12_SIM_P1-2.czi",3,9,30376.162131222,31,47.790322580645,120.14516129032,39,31.302974264139,31.302974264139,"Yellow", , ,923,45,7891,457.96774193548,17.967741935484,6084.9032258065,78,0,4253,31,31,31,845,45,3638,231.66074100877,13.437469679886,1027.01666182,14197,557,188632,8111769,15425,1179450362
"Image 12_SIM_P1-2.czi",3,10,58792.571866882,60,162.83333333333,122.41666666667,39,31.302974264139,31.302974264139,"Yellow", , ,1128,128,13395,418.41666666667,22.116666666667,10544.9,87,0,7617,60,60,60,1041,128,5778,271.98281922725,33.896698337627,1728.3409670274,25105,1327,632694,14868855,97139,6847937548
"Image 12_SIM_P1-2.czi",3,11,47034.057493506,48,35.020833333333,129.60416666667,39,31.302974264139,31.302974264139,"Yellow", , ,1187,21,1816,452.52083333333,7.1666666666667,1466.2708333333,72,1,929,48,48,48,1115,20,887,318.79940932587,6.011808710499,240.82126678402,21721,344,70381,14605959,4164,105923367
"Image 12_SIM_P1-2.czi",3,12,42134.676504599,43,203.5,132.63953488372,39,31.302974264139,31.302974264139,"Yellow", , ,1578,0,3755,544.04651162791,0,2805.2325581395,92,0,2204,43,43,43,1486,0,1551,407.92657798096,0,483.93751255465,23394,0,120625,19716396,0,348217389
"Image 12_SIM_P1-2.czi",3,13,47034.057493506,48,171.85416666667,134.625,39,31.302974264139,31.302974264139,"Yellow", , ,1333,18,17204,468.58333333333,1.6041666666667,15471.625,96,0,13793,48,48,48,1237,18,3411,347.63283598142,3.6363389546229,849.26630725486,22492,77,742638,16219260,745,11523715550
"Image 12_SIM_P1-2.czi",3,14,23517.028746753,24,181.58333333333,179.41666666667,39,31.302974264139,31.302974264139,"Yellow", , ,758,0,6686,497.5,0,5347.7916666667,239,0,4058,24,24,24,519,0,2628,154.89800290626,0,836.39308312106,11940,0,128347,6491998,0,702462745
"Image 12_SIM_P1-2.czi",3,15,24496.904944534,25,227.42,180.94,39,31.302974264139,31.302974264139,"Yellow", , ,633,1,22450,351.4,0.08,17918.04,133,0,13239,25,25,25,500,1,9211,143.72862159872,0.27688746209727,2768.1837529326,8785,2,447951,3582839,2,8210312127
"Image 12_SIM_P1-2.czi",3,16,30376.162131222,31,248.79032258065,181.79032258065,39,31.302974264139,31.302974264139,"Yellow", , ,923,131,202,465.38709677419,36.129032258065,20.354838709677,137,0,0,31,31,31,786,131,202,213.44283815882,37.586116173825,48.075321726846,14427,1120,631,8080875,82846,82181
"Image 12_SIM_P1-2.czi",3,17,31356.038329004,32,211.96875,188.84375,39,31.302974264139,31.302974264139,"Yellow", , ,627,2,16913,327.96875,0.09375,13820.84375,115,0,10844,32,32,32,512,2,6069,151.1868069801,0.39015092199748,1563.7723023216,10495,3,442267,4150613,5,6188310001
"Image 12_SIM_P1-2.czi",3,18,30376.162131222,31,160.20967741936,210.6935483871,39,31.302974264139,31.302974264139,"Yellow", , ,827,0,13127,352.29032258065,0,4765.7419354839,77,0,1099,31,31,31,750,0,12028,215.24144482393,0,3190.8891338491,10921,0,147738,5237229,0,1009534386
"Image 12_SIM_P1-2.czi",19,20,35275.543120129,36,138.63888888889,85.111111111111,39,31.302974264139,31.302974264139,"Fuchsia", , ,1,4824,6902,0.027777777777778,1923.7222222222,6389.7777777778,0,526,5500,36,36,36,1,4298,1402,0.16666666666667,1193.2935601246,374.27981214297,1,69254,230032,1,183063692,1474756350
"Image 12_SIM_P1-2.czi",19,21,31356.038329004,32,79.6875,90.21875,39,31.302974264139,31.302974264139,"Fuchsia", , ,18,4011,4858,3.21875,1537.34375,3667.15625,0,402,3091,32,32,32,18,3609,1767,4.1249389047284,1025.3607582094,385.10343054528,103,49195,117349,859,108221931,434934563
"Image 12_SIM_P1-2.czi",19,22,33315.790724567,34,187.5,100.23529411765,39,31.302974264139,31.302974264139,"Fuchsia", , ,0,4271,5211,0,1589.0294117647,4204.8235294118,0,422,3333,34,34,34,0,3849,1878,0,1107.6104086233,556.57265422368,0,54027,142964,0,126334919,611360904
"Image 12_SIM_P1-2.czi",19,23,20577.400153409,21,91.5,111.5,39,31.302974264139,31.302974264139,"Fuchsia", , ,3,2483,705,0.57142857142857,1341.5238095238,326.33333333333,0,749,109,21,21,21,3,1734,596,1.028174526597,525.86135235893,170.97553431217,12,28172,6853,28,43324012,2821015
"Image 12_SIM_P1-2.czi",1,2,36618953.387288,37371,139.57503144149,117.5633111236,40,31.302974264139,31.302974264139,"Orange",16,4, , , , , , , , , , , , , , , , , , , , , , , , 
"Image 12_SIM_P1-2.czi",3,4,18617.647757846,19,128.92105263158,42.394736842105,40,31.302974264139,31.302974264139,"Yellow", , ,600,0,6689,399.47368421053,0,5526.4210526316,196,0,4465,19,19,19,404,0,2224,120.96848461069,0,714.25161422362,7590,0,105002,3295406,0,589468060
"Image 12_SIM_P1-2.czi",3,5,18617.647757846,19,81.605263157895,56.921052631579,40,31.302974264139,31.302974264139,"Yellow", , ,588,12,11144,392.57894736842,4.3157894736842,9176.5263157895,172,0,7487,19,19,19,416,12,3657,117.43618398918,4.0967823631472,1057.6790822058,7459,82,174354,3176489,656,1620100400
"Image 12_SIM_P1-2.czi",3,6,103866.87696483,106,134.00943396226,65.688679245283,40,31.302974264139,31.302974264139,"Yellow", , ,1950,131,13097,536.57547169811,6.622641509434,7965.3396226415,57,0,5756,106,106,106,1893,131,7341,434.69831789772,20.784817183149,1406.1930768114,56877,702,844326,50359879,50010,6932968134
"Image 12_SIM_P1-2.czi",3,7,39195.047911255,40,59.575,91.6,40,31.302974264139,31.302974264139,"Yellow", , ,1153,0,27119,442.85,0,23809.6,80,0,19257,40,40,40,1073,0,7862,294.73948079357,0,2206.4968615432,17714,0,952384,11232628,0,22865758594
"Image 12_SIM_P1-2.czi",3,8,26456.657340097,27,86.722222222222,97.833333333333,40,31.302974264139,31.302974264139,"Yellow", , ,822,0,2198,425.22222222222,0,1369.8518518519,129,0,995,27,27,27,693,0,1203,204.01495671667,0,315.8924724191,11481,0,36986,5964151,0,53259830
"Image 12_SIM_P1-2.czi",3,9,29396.285933441,30,47.5,120,40,31.302974264139,31.302974264139,"Yellow", , ,1003,12,7517,487.96666666667,5.0333333333333,5425.3,141,0,3762,30,30,30,862,12,3755,255.64340510702,3.8728349531981,979.6271687,14639,151,162759,9038597,1195,910846815
"Image 12_SIM_P1-2.czi",3,10,45074.305097943,46,162.54347826087,122.5652173913,40,31.302974264139,31.302974264139,"Yellow", , ,921,42,14007,462.67391304348,9.6304347826087,10850.543478261,105,0,8083,46,46,46,816,42,5924,229.84381695673,11.474335992703,1707.7220786965,21283,443,499125,12224357,10191,5547011675
"Image 12_SIM_P1-2.czi",3,11,55852.943273538,57,35.061403508772,129.27192982456,40,31.302974264139,31.302974264139,"Yellow", , ,1410,23,1972,459.08771929825,7.4035087719298,1600.4561403509,48,1,1130,57,57,57,1362,22,842,375.38957291544,6.1900255282269,248.51725077917,26168,422,91226,19904778,5270,149461818
"Image 12_SIM_P1-2.czi",3,12,18617.647757846,19,68.921052631579,129.6052631579,40,31.302974264139,31.302974264139,"Yellow", , ,722,1,16120,505.15789473684,0.052631578947368,14557.263157895,319,0,13386,19,19,19,403,1,2734,132.88226332522,0.22941573387056,719.33254881833,9598,1,276588,5166344,1,4035678210
"Image 12_SIM_P1-2.czi",3,13,35275.543120129,36,203.66666666667,132.75,40,31.302974264139,31.302974264139,"Yellow", , ,835,0,3195,336.58333333333,0,2443.5277777778,93,0,2012,36,36,36,742,0,1183,210.82590990131,0,360.09669226165,12117,0,87967,5634045,0,219488245
"Image 12_SIM_P1-2.czi",3,14,30376.162131222,31,171.91935483871,134.95161290323,40,31.302974264139,31.302974264139,"Yellow", , ,979,17,17015,485.03225806452,1.741935483871,15819.322580645,161,0,14415,31,31,31,818,17,2600,234.18703121949,3.6875261981938,642.63848764796,15036,54,490399,8938252,502,7770169501
"Image 12_SIM_P1-2.czi",3,15,32335.914526785,33,182.04545454546,179.22727272727,40,31.302974264139,31.302974264139,"Yellow", , ,822,0,7560,460.51515151515,0,5756.8181818182,98,0,4283,33,33,33,724,0,3277,201.15993655735,0,955.23290532157,15197,0,189975,8293339,0,1122850571
"Image 12_SIM_P1-2.czi",3,16,25476.781142316,26,227.5,181,40,31.302974264139,31.302974264139,"Yellow", , ,643,2,22568,358.69230769231,0.11538461538462,18277.5,147,0,13439,26,26,26,496,2,9129,141.43175576391,0.43145549730401,2796.6457659132,9326,3,475215,3845238,5,8881272851
"Image 12_SIM_P1-2.czi",3,17,31356.038329004,32,248.84375,181.125,40,31.302974264139,31.302974264139,"Yellow", , ,857,226,216,412.65625,57.59375,22.53125,155,1,0,32,32,32,702,225,216,199.97719376017,61.60480677465,50.237490418495,13205,1843,721,6688843,223795,94483
"Image 12_SIM_P1-2.czi",3,18,34295.666922348,35,211.95714285714,188.58571428571,40,31.302974264139,31.302974264139,"Yellow", , ,770,5,17534,396,0.34285714285714,13696.428571429,159,0,10361,35,35,35,611,5,7173,187.16193051819,1.0831016774511,1951.7592409039,13860,12,479375,6679566,44,6695243827
"Image 12_SIM_P1-2.czi",3,19,30376.162131222,31,160.20967741936,210.88709677419,40,31.302974264139,31.302974264139,"Yellow", , ,768,0,11369,321.8064516129,0,3578.2258064516,64,0,556,31,31,31,704,0,10813,201.4810858542,0,2793.892287469,9976,0,110925,4428180,0,631089721
"Image 12_SIM_P1-2.czi",20,21,30376.162131222,31,138.72580645161,85.274193548387,40,31.302974264139,31.302974264139,"Fuchsia", , ,0,3249,7224,0,1481.4838709677,6634.1612903226,0,521,5648,31,31,31,0,2728,1576,0,799.81155576247,402.49953182368,0,45926,205659,0,87229584,1369235153
"Image 12_SIM_P1-2.czi",20,22,24496.904944534,25,79.62,90.22,40,31.302974264139,31.302974264139,"Fuchsia", , ,13,3177,4312,3.04,1448.32,3671.16,0,468,3146,25,25,25,13,2709,1166,3.4818577416852,775.46876790752,307.59872128039,76,36208,91779,522,66873214,339206201
"Image 12_SIM_P1-2.czi",20,23,23517.028746753,24,187.5,100.20833333333,40,31.302974264139,31.302974264139,"Fuchsia", , ,0,2997,4812,0,1448.8333333333,3886.2083333333,0,475,3230,24,24,24,0,2522,1582,0,729.72827978559,456.14766670518,0,34772,93269,0,62626410,367248391
"Image 12_SIM_P1-2.czi",20,24,15678.019164502,16,244.8125,175.5625,40,31.302974264139,31.302974264139,"Fuchsia", , ,15,1872,2997,2.25,1212.375,1440.0625,0,584,293,16,16,16,15,1288,2704,3.9242833740697,420.40375434416,918.17430943149,36,19398,23041,312,26168740,45826141
"Image 12_SIM_P1-2.czi",1,2,36928594.265786,37687,139.21061639292,117.57633932125,41,31.302974264139,31.302974264139,"Orange",10,2, , , , , , , , , , , , , , , , , , , , , , , , 
"Image 12_SIM_P1-2.czi",3,4,116605.26753598,119,134.41596638656,65.77731092437,41,31.302974264139,31.302974264139,"Yellow", , ,2558,399,13745,604.81512605042,21.588235294118,8179.3025210084,35,0,5580,119,119,119,2523,399,8165,567.00567907936,68.349477297631,1621.5422328112,71973,2569,973337,81466821,606715,8271486885
"Image 12_SIM_P1-2.czi",3,5,32335.914526785,33,59.924242424242,91.924242424242,41,31.302974264139,31.302974264139,"Yellow", , ,1183,0,26770,509.33333333333,0,23401.393939394,156,0,18828,33,33,33,1027,0,7942,300.38097337659,0,2307.9442278166,16808,0,772246,11448194,0,18242084274
"Image 12_SIM_P1-2.czi",3,6,19597.523955627,20,87,98.5,41,31.302974264139,31.302974264139,"Yellow", , ,637,0,1876,390.55,0,1282.8,156,0,1036,20,20,20,481,0,840,141.75830988359,0,222.64382696183,7811,0,25656,3432399,0,33853352
"Image 12_SIM_P1-2.czi",3,7,22537.152548972,23,47.5,119.67391304348,41,31.302974264139,31.302974264139,"Yellow", , ,942,3,6730,526.52173913044,1.1739130434783,5078.6086956522,211,0,3626,23,23,23,731,3,3104,220.02125301583,1.1140496934013,832.99856701451,12110,27,116808,7441184,59,608487630
"Image 12_SIM_P1-2.czi",3,8,47034.057493506,48,162,123.5,41,31.302974264139,31.302974264139,"Yellow", , ,856,29,14628,428.5,5.5833333333333,11351.1875,91,0,8066,48,48,48,765,29,6562,212.69856805128,7.9220493086213,1928.012201518,20568,268,544857,10939700,4446,6359483827
"Image 12_SIM_P1-2.czi",3,9,55852.943273538,57,35.219298245614,129.35964912281,41,31.302974264139,31.302974264139,"Yellow", , ,1539,45,2183,499.15789473684,13.175438596491,1784.8596491228,53,1,1225,57,57,57,1486,44,958,403.26275506679,11.353292170457,266.86248723403,28452,751,101737,23308808,17113,185574339
"Image 12_SIM_P1-2.czi",3,10,38215.171713473,39,68.961538461539,129.73076923077,41,31.302974264139,31.302974264139,"Yellow", , ,972,8,17395,449.69230769231,0.69230769230769,14092.307692308,74,0,11027,39,39,39,898,8,6368,240.64443675114,1.6725940482384,1457.3159927874,17538,27,549600,10087274,125,7825835564
"Image 12_SIM_P1-2.czi",3,11,28416.40973566,29,138.05172413793,149.81034482759,41,31.302974264139,31.302974264139,"Yellow", , ,680,0,19110,326.55172413793,0,15651.137931035,122,0,12612,29,29,29,558,0,6498,164.55862746122,0,1710.6204748181,9470,0,453883,3850672,0,7185719665
"Image 12_SIM_P1-2.czi",3,12,26456.657340097,27,182.09259259259,179.57407407407,41,31.302974264139,31.302974264139,"Yellow", , ,794,0,7229,496.22222222222,0,5794.1481481482,254,0,4532,27,27,27,540,0,2697,157.20621766265,0,779.3156615165,13398,0,156442,7290944,0,922238780
"Image 12_SIM_P1-2.czi",3,13,36255.419317911,37,212.04054054054,189.28378378378,41,31.302974264139,31.302974264139,"Yellow", , ,942,13,18420,427.05405405405,0.54054054054054,14377.810810811,92,0,10367,37,37,37,850,13,8053,236.25491716764,2.2185404936403,2101.9428028723,15801,20,531979,8757271,188,7807747305
"Image 12_SIM_P1-2.czi",14,15,27436.533537878,28,113.96428571429,103.85714285714,41,31.302974264139,31.302974264139,"Fuchsia", , ,0,2758,8811,0,1292.5,7465.5357142857,0,447,6407,28,28,28,0,2311,2404,0,736.22342120169,671.4765643379,0,36190,209035,0,61410248,1572732039
"Image 12_SIM_P1-2.czi",14,16,15678.019164502,16,245.25,176,41,31.302974264139,31.302974264139,"Fuchsia", , ,18,2182,3288,2.375,1455.4375,1262.0625,0,719,134,16,16,16,18,1463,3154,4.6601144478078,461.07873062345,1010.3777160877,38,23287,20193,416,37081677,40797775
"Image 12_SIM_P1-2.czi",1,2,37156905.41987,37920,139.06039029536,117.50714662447,42,31.302974264139,31.302974264139,"Orange",10,1, , , , , , , , , , , , , , , , , , , , , , , , 
"Image 12_SIM_P1-2.czi",3,4,124444.27711823,127,134.41338582677,65.893700787402,42,31.302974264139,31.302974264139,"Yellow", , ,3124,550,13149,676,23.149606299213,8096.6692913386,35,0,5071,127,127,127,3089,550,8078,690.872739987,80.280666270453,1566.0039381203,85852,2940,1028277,118176400,880128,8634617219
"Image 12_SIM_P1-2.czi",3,5,33315.790724567,34,60,91.852941176471,42,31.302974264139,31.302974264139,"Yellow", , ,1121,0,26832,483.38235294118,0,23177.029411765,87,0,18801,34,34,34,1034,0,8031,299.50373243042,0,2406.6743870265,16435,0,788019,10904571,0,18455078233
"Image 12_SIM_P1-2.czi",3,6,22537.152548972,23,49.5,102.5,42,31.302974264139,31.302974264139,"Yellow", , ,673,136,19084,373.82608695652,31.04347826087,12432.652173913,117,0,7286,23,23,23,556,136,11798,149.19744458387,41.113455285753,3575.749554082,8598,714,285951,3703874,59352,3836420989
"Image 12_SIM_P1-2.czi",3,7,26456.657340097,27,23.092592592593,108.57407407407,42,31.302974264139,31.302974264139,"Yellow", , ,822,43,230,396.44444444444,4.3333333333333,161,142,0,94,27,27,27,680,43,136,188.06634126805,9.4176593531677,37.935167365875,10704,117,4347,5163134,2813,737283
"Image 12_SIM_P1-2.czi",3,8,43114.55270238,44,161.54545454546,123.68181818182,42,31.302974264139,31.302974264139,"Yellow", , ,889,60,15087,434.79545454546,7.5681818181818,11605.272727273,110,0,8443,44,44,44,779,60,6644,216.67192856949,14.035499390081,1888.819655587,19131,333,510632,10336781,10991,6079432130
"Image 12_SIM_P1-2.czi",3,9,55852.943273538,57,35.219298245614,129.35964912281,42,31.302974264139,31.302974264139,"Yellow", , ,1535,97,2460,498.73684210526,27.491228070175,1919.6140350877,53,1,1384,57,57,57,1482,96,1076,402.43209393084,25.570716236,302.36790234899,28428,1567,109418,23247380,79695,215160204
"Image 12_SIM_P1-2.czi",3,10,48993.809889068,50,68.6,129.88,42,31.302974264139,31.302974264139,"Yellow", , ,1168,25,17216,444.56,2.78,13407.28,80,0,9396,50,50,50,1088,25,7820,292.0803048646,5.8772824485124,1758.747931725,22228,139,670364,14061914,2079,9139324370
"Image 12_SIM_P1-2.czi",3,11,34295.666922348,35,182.67142857143,179.81428571429,42,31.302974264139,31.302974264139,"Yellow", , ,664,0,7537,372.34285714286,0,5836.0857142857,132,0,4493,35,35,35,532,0,3044,147.96560467915,0,862.86845059094,13032,0,204263,5596762,0,1217410803
"Image 12_SIM_P1-2.czi",3,12,33315.790724567,34,212.14705882353,189,42,31.302974264139,31.302974264139,"Yellow", , ,1033,6,19103,472.97058823529,0.44117647058824,14495.764705882,121,0,11068,34,34,34,912,6,8035,249.27853294562,1.4395112064062,2224.4248294215,16081,15,492856,9656453,75,7307610782
"Image 12_SIM_P1-2.czi",3,13,32335.914526785,33,196.92424242424,215.92424242424,42,31.302974264139,31.302974264139,"Yellow", , ,711,4,24167,332.27272727273,0.6969696969697,21846.757575758,121,0,19157,33,33,33,590,4,5010,183.00175421415,1.0748502362204,1291.9464973032,10965,23,720943,4715039,53,15803678971
"Image 12_SIM_P1-2.czi",14,15,22537.152548972,23,114.10869565217,103.71739130435,42,31.302974264139,31.302974264139,"Fuchsia", , ,0,2548,8036,0,1329.3043478261,6784.2608695652,0,559,5863,23,23,23,0,1989,2173,0,629.85160119324,583.67855547937,0,30574,156038,0,49369838,1066097472
"Image 12_SIM_P1-2.czi",1,2,37443029.269622,38212,138.83382183607,117.27206113263,43,31.302974264139,31.302974264139,"Orange",10,2, , , , , , , , , , , , , , , , , , , , , , , , 
"Image 12_SIM_P1-2.czi",3,4,133263.16289827,136,134.27205882353,65.691176470588,43,31.302974264139,31.302974264139,"Yellow", , ,3440,838,12721,692.10294117647,38.698529411765,8147.8088235294,26,0,4627,136,136,136,3414,838,8094,755.8768690577,122.85247520701,1738.2680163065,94126,5263,1108102,142277110,2241189,9436515972
"Image 12_SIM_P1-2.czi",3,5,30376.162131222,31,47.08064516129,82.145161290323,43,31.302974264139,31.302974264139,"Yellow", , ,927,46,19041,366.90322580645,3.7741935483871,12561.193548387,69,0,6634,31,31,31,858,46,12407,247.93969089797,9.3620143039817,3896.1039293064,11374,117,389397,6017380,3071,5346679859
"Image 12_SIM_P1-2.czi",3,6,31356.038329004,32,60.15625,91.96875,43,31.302974264139,31.302974264139,"Yellow", , ,1087,0,26290,474.3125,0,22549.59375,86,0,18546,32,32,32,1001,0,7744,289.684303972,0,2371.9182091563,15178,0,721587,9800542,0,16445899581
"Image 12_SIM_P1-2.czi",3,7,24496.904944534,25,49.5,102.5,43,31.302974264139,31.302974264139,"Yellow", , ,916,50,18897,487.72,12.44,12158.52,152,0,6908,25,25,25,764,50,11989,209.28101522435,14.586180674415,3577.6314921095,12193,311,303963,6997935,8975,4002926945
"Image 12_SIM_P1-2.czi",3,8,31356.038329004,32,23.15625,108.875,43,31.302974264139,31.302974264139,"Yellow", , ,976,56,353,417.40625,7.6875,260.34375,98,0,144,32,32,32,878,56,209,238.12870732022,14.42541999165,64.314554302749,13357,246,8331,7333159,8342,2297151
"Image 12_SIM_P1-2.czi",3,9,42134.676504599,43,161.24418604651,124.36046511628,43,31.302974264139,31.302974264139,"Yellow", , ,922,82,15599,422.67441860465,8.4186046511628,12120.418604651,121,0,8807,43,43,43,801,82,6792,221.98827949866,18.641010291111,2046.6313697037,18175,362,521178,9751817,17642,6492820926
"Image 12_SIM_P1-2.czi",3,10,59772.448064663,61,35.090163934426,129.41803278689,43,31.302974264139,31.302974264139,"Yellow", , ,1395,204,2736,437.2131147541,52.704918032787,2034.131147541,48,2,1468,61,61,61,1347,202,1268,366.31876440946,55.13116005258,349.16197174615,26670,3215,124082,19711840,351813,259713906
"Image 12_SIM_P1-2.czi",3,11,53893.190877975,55,68.736363636364,130.15454545455,43,31.302974264139,31.302974264139,"Yellow", , ,1230,47,16704,426.34545454546,4.8909090909091,12848.836363636,75,0,8085,55,55,55,1155,47,8619,309.79791610266,10.759444993384,2055.4102119514,23449,269,706686,15180011,7567,9308227176
"Image 12_SIM_P1-2.czi",3,12,35275.543120129,36,212.25,189.33333333333,43,31.302974264139,31.302974264139,"Yellow", , ,1008,10,19708,427.61111111111,0.41666666666667,14995.555555556,98,0,10988,36,36,36,910,10,8720,253.30865167987,1.7133926245068,2352.9090741274,15394,15,539840,8828430,109,8288967050
"Image 12_SIM_P1-2.czi",3,13,31356.038329004,32,197,216,43,31.302974264139,31.302974264139,"Yellow", , ,1004,11,24011,448,2.09375,21403.84375,144,0,17560,32,32,32,860,11,6451,253.85517842444,3.0833514966045,1804.2315692404,14336,67,684923,8420244,435,14760897671
"Image 12_SIM_P1-2.czi",14,15,20577.400153409,21,182.30952380952,77.071428571429,43,31.302974264139,31.302974264139,"Fuchsia", , ,52,1967,5074,11.095238095238,1186.4761904762,3309.6666666667,0,551,2224,21,21,21,52,1416,2850,16.149008520354,389.96584710044,984.19354465132,233,24916,69503,7801,32603708,249404501
"Image 12_SIM_P1-2.czi",14,16,20577.400153409,21,34.642857142857,98.309523809524,43,31.302974264139,31.302974264139,"Fuchsia", , ,0,2362,801,0,1442.9047619048,409.66666666667,0,732,160,21,21,21,0,1630,641,0,483.90958915503,191.62889482887,0,30301,8603,0,48404827,4258795
"Image 12_SIM_P1-2.czi",1,2,37778146.929263,38554,138.80401514759,117.09988587436,44,31.302974264139,31.302974264139,"Orange",11,3, , , , , , , , , , , , , , , , , , , , , , , , 
"Image 12_SIM_P1-2.czi",3,4,131303.4105027,134,134.48507462687,65.813432835821,44,31.302974264139,31.302974264139,"Yellow", , ,3335,711,12115,681.50746268657,33.798507462687,8240.6417910448,26,0,4638,134,134,134,3309,711,7477,733.53765063989,107.08957531251,1693.367923209,91322,4529,1104246,133800930,1678341,9481072560
"Image 12_SIM_P1-2.czi",3,5,31356.038329004,32,47.15625,82.125,44,31.302974264139,31.302974264139,"Yellow", , ,1186,15,18810,455.5,1.125,12630.1875,79,0,6313,32,32,32,1107,15,12497,310.36170365684,2.9594027296279,3950.5392072761,14576,36,404166,9625424,312,5588501922
"Image 12_SIM_P1-2.czi",3,6,32335.914526785,33,60.924242424242,91.924242424242,44,31.302974264139,31.302974264139,"Yellow", , ,1074,0,24936,430.06060606061,0,20751.121212121,73,0,16453,33,33,33,1001,0,8483,283.66583987523,0,2651.8484208847,14192,0,684787,8678342,0,14435131643
"Image 12_SIM_P1-2.czi",3,7,41154.800306818,42,49.690476190476,102.42857142857,44,31.302974264139,31.302974264139,"Yellow", , ,1161,24,21656,444.92857142857,5.7857142857143,12707.333333333,116,0,5864,42,42,42,1045,24,15792,299.79459576778,6.6864833233509,4520.9186885652,18687,243,533708,11999329,3239,7619992396
"Image 12_SIM_P1-2.czi",3,8,32335.914526785,33,23.227272727273,109.04545454546,44,31.302974264139,31.302974264139,"Yellow", , ,980,100,512,413.60606060606,10.69696969697,406.36363636364,90,0,242,33,33,33,890,100,270,245.45823720568,21.563112090566,89.737400989574,13649,353,13410,7573301,18655,5707026
"Image 12_SIM_P1-2.czi",3,9,28416.40973566,29,161.08620689655,124.43103448276,44,31.302974264139,31.302974264139,"Yellow", , ,843,129,15815,477.10344827586,11.034482758621,12296.655172414,194,0,9136,29,29,29,649,129,6679,183.67174618005,27.294011324596,1994.8859665917,13836,320,356603,7545792,24390,4496452085
"Image 12_SIM_P1-2.czi",3,10,49973.68608685,51,34.990196078431,129.36274509804,44,31.302974264139,31.302974264139,"Yellow", , ,1153,386,2832,431.92156862745,111.76470588235,2133,74,6,1540,51,51,51,1079,380,1292,302.83882466667,109.35311394474,360.39278572136,22028,5700,108783,14099936,1234964,238528287
"Image 12_SIM_P1-2.czi",3,11,43114.55270238,44,68.681818181818,130.31818181818,44,31.302974264139,31.302974264139,"Yellow", , ,1108,59,15794,450.88636363636,5.3181818181818,12017.136363636,61,0,7857,44,44,44,1047,59,7937,278.72860985062,12.315187687572,1901.9404484222,19839,234,528754,12285789,7766,6509656152
"Image 12_SIM_P1-2.czi",3,12,31356.038329004,32,109.84375,176.03125,44,31.302974264139,31.302974264139,"Yellow", , ,812,57,28,405,7.0625,2.15625,146,0,0,32,32,32,666,57,28,185.44349630704,11.589587929996,6.2944387897111,12960,226,69,6314868,5760,1377
"Image 12_SIM_P1-2.czi",3,13,27436.533537878,28,212.5,189.17857142857,44,31.302974264139,31.302974264139,"Yellow", , ,869,3,20188,432.07142857143,0.25,15489.928571429,118,0,11685,28,28,28,751,3,8503,201.58334891763,0.70052890071769,2346.8565884095,12098,7,433718,6324368,15,6866969708
"Image 12_SIM_P1-2.czi",3,14,41154.800306818,42,197.35714285714,216.35714285714,44,31.302974264139,31.302974264139,"Yellow", , ,1269,24,24347,428.45238095238,3.6904761904762,19868.904761905,41,0,13161,42,42,42,1228,24,11186,334.032728233,6.2605543868835,3319.6251023236,17995,155,834494,12284693,2179,17032298154
"Image 12_SIM_P1-2.czi",15,16,21557.27635119,22,182.40909090909,77.409090909091,44,31.302974264139,31.302974264139,"Fuchsia", , ,45,2319,4773,8.7272727272727,1310.6363636364,2839.9090909091,0,699,1925,22,22,22,45,1620,2848,13.798487902603,473.639359032,874.31376677401,192,28834,62478,5674,42501908,193484756
"Image 12_SIM_P1-2.czi",15,17,27436.533537878,28,34.821428571429,98.75,44,31.302974264139,31.302974264139,"Fuchsia", , ,0,2756,987,0,1439.3571428571,582.21428571429,0,529,266,28,28,28,0,2227,721,0,648.21619703247,219.05882131466,0,40302,16302,0,69353946,10786900
"Image 12_SIM_P1-2.czi",15,18,27436.533537878,28,55.821428571429,128,44,31.302974264139,31.302974264139,"Fuchsia", , ,0,2643,6085,0,1282.4642857143,4527.3571428571,0,468,3887,28,28,28,0,2175,2198,0,691.44339004738,649.68380994916,0,35909,126766,0,58960547,585311360
"Image 12_SIM_P1-2.czi",1,2,38075049.417191,38857,138.61470262758,116.86230280258,45,31.302974264139,31.302974264139,"Orange",11,6, , , , , , , , , , , , , , , , , , , , , , , , 
"Image 12_SIM_P1-2.czi",3,4,115625.3913382,118,134.27118644068,65.474576271186,45,31.302974264139,31.302974264139,"Yellow", , ,2824,391,10983,650.71186440678,18.906779661017,8115.5084745763,40,0,4445,118,118,118,2784,391,6538,627.711895666,57.262178160287,1807.3028719248,76784,2231,957630,96064860,425819,8153816590
"Image 12_SIM_P1-2.czi",3,5,33315.790724567,34,47,82.147058823529,45,31.302974264139,31.302974264139,"Yellow", , ,1301,16,18753,474.35294117647,1.2941176470588,12326.382352941,79,0,5897,34,34,34,1222,16,12856,341.45898039753,3.2708947137082,4100.8686516226,16128,44,419097,11497974,410,5720914947
"Image 12_SIM_P1-2.czi",3,6,28416.40973566,29,60.948275862069,92.086206896552,45,31.302974264139,31.302974264139,"Yellow", , ,1019,0,23973,441.03448275862,0,19842.172413793,144,0,15809,29,29,29,875,0,8164,259.30008577468,0,2462.6503879961,12790,0,575423,7523454,0,11587452491
"Image 12_SIM_P1-2.czi",3,7,44094.428900162,45,49.5,102.5,45,31.302974264139,31.302974264139,"Yellow", , ,1335,60,21600,486.31111111111,4.2666666666667,12470.2,96,0,5511,45,45,45,1239,60,16089,350.4874412367,10.456402997033,4665.2358880242,21884,192,561159,16047456,5630,7955399701
"Image 12_SIM_P1-2.czi",3,8,23517.028746753,24,23.416666666667,108.58333333333,45,31.302974264139,31.302974264139,"Yellow", , ,808,69,699,427.79166666667,8.6666666666667,597,150,0,442,24,24,24,658,69,257,189.50300655334,16.433440632275,82.540108827269,10267,208,14328,5218099,8014,8710512
"Image 12_SIM_P1-2.czi",3,9,18617.647757846,19,161.07894736842,124.39473684211,45,31.302974264139,31.302974264139,"Yellow", , ,696,69,15245,460.68421052632,8.421052631579,12590.052631579,253,0,10259,19,19,19,443,69,4986,128.50596727674,17.471614405702,1518.5517030558,8753,160,239211,4329617,6842,3053187067
"Image 12_SIM_P1-2.czi",3,10,30376.162131222,31,34.790322580645,129.20967741936,45,31.302974264139,31.302974264139,"Yellow", , ,889,645,2824,466.90322580645,256.61290322581,2215.8387096774,180,35,1739,31,31,31,709,610,1085,215.75917977206,189.75223800513,329.90726947373,14474,7955,68691,8154518,3121533,155473341
"Image 12_SIM_P1-2.czi",3,11,24496.904944534,25,68.5,130.5,45,31.302974264139,31.302974264139,"Yellow", , ,841,35,13563,491.2,3.32,11165.6,199,0,7856,25,25,25,642,35,5707,187.13809517751,7.8883880905206,1590.8556921774,12280,83,279140,6872432,1769,3177505308
"Image 12_SIM_P1-2.czi",3,12,40174.924109036,41,110.25609756098,176.5,45,31.302974264139,31.302974264139,"Yellow", , ,999,116,66,427.04878048781,15.19512195122,4.609756097561,135,0,0,41,41,41,864,116,66,236.5433312545,26.057839043362,13.812816600499,17509,623,189,9715307,36627,8503
"Image 12_SIM_P1-2.czi",3,13,21557.27635119,22,212.40909090909,188.59090909091,45,31.302974264139,31.302974264139,"Yellow", , ,657,4,18797,367.09090909091,0.36363636363636,15022,174,0,11662,22,22,22,483,4,7135,146.79234088327,0.95346258924559,2095.3985187503,8076,8,330484,3417134,22,5056735242
"Image 12_SIM_P1-2.czi",3,14,34295.666922348,35,197.07142857143,216.07142857143,45,31.302974264139,31.302974264139,"Yellow", , ,1324,48,24849,506.11428571429,8.0571428571429,19963.857142857,57,0,12653,35,35,35,1267,48,12196,339.13573297155,12.655951534503,3419.3414152854,17714,282,698735,12875752,7718,14346970175
"Image 12_SIM_P1-2.czi",15,16,20577.400153409,21,182.5,77.5,45,31.302974264139,31.302974264139,"Fuchsia", , ,34,2238,4204,6.1428571428571,1252.3333333333,2461.1904761905,0,734,1683,21,21,21,34,1504,2521,10.53226335735,461.51937481901,754.30727287012,129,26299,51685,3011,37195117,138586219
"Image 12_SIM_P1-2.czi",15,17,25476.781142316,26,34.769230769231,98.884615384615,45,31.302974264139,31.302974264139,"Fuchsia", , ,0,2730,1058,0,1468.1538461539,723.5,0,516,422,26,26,26,0,2214,636,0,635.1894011904,187.88491158153,0,38172,18811,0,66129008,14492277
"Image 12_SIM_P1-2.czi",15,18,22537.152548972,23,145.02173913044,100.9347826087,45,31.302974264139,31.302974264139,"Fuchsia", , ,139,2153,6973,67.869565217391,1330.0869565217,5606.0869565217,10,480,4629,23,23,23,129,1673,2344,40.09568594775,487.38494334966,639.05718289051,1561,30592,128940,141313,45915990,731833522
"Image 12_SIM_P1-2.czi",15,19,29396.285933441,30,55.866666666667,128.13333333333,45,31.302974264139,31.302974264139,"Fuchsia", , ,0,3052,5804,0,1379.0666666667,4216.4,0,424,3629,30,30,30,0,2628,2175,0,812.8486279462,625.53037358378,0,41372,126492,0,76215710,544688228
"Image 12_SIM_P1-2.czi",15,20,23517.028746753,24,96.5,180.20833333333,45,31.302974264139,31.302974264139,"Fuchsia", , ,32,2332,402,2.4583333333333,1417.0416666667,116.66666666667,0,681,3,24,24,24,32,1651,399,6.8269234694679,494.73730220028,103.25808386784,59,34009,2800,1217,53821765,571898
"Image 12_SIM_P1-2.czi",15,21,20577.400153409,21,229.5,201.5,45,31.302974264139,31.302974264139,"Fuchsia", , ,95,2650,11115,18.714285714286,1361.4761904762,5347.7142857143,0,639,1554,21,21,21,95,2011,9561,26.903796864277,611.02369995342,2953.3950318719,393,28591,112302,21831,46392965,775009854
"Image 12_SIM_P1-2.czi",1,2,38414086.581623,39203,138.37273933117,116.75521006046,46,31.302974264139,31.302974264139,"Orange",6,5, , , , , , , , , , , , , , , , , , , , , , , , 
"Image 12_SIM_P1-2.czi",3,4,103866.87696483,106,133.62264150943,65.047169811321,46,31.302974264139,31.302974264139,"Yellow", , ,2104,214,10397,535.24528301887,13.122641509434,7836.2924528302,52,0,3972,106,106,106,2052,214,6425,478.54923240423,36.729306536746,2042.4538135105,56736,1391,830647,54413660,159903,6947212663
"Image 12_SIM_P1-2.czi",3,5,40174.924109036,41,47.378048780488,82.59756097561,46,31.302974264139,31.302974264139,"Yellow", , ,1180,10,21094,376.04878048781,0.78048780487805,13500.756097561,48,0,5953,41,41,41,1132,10,15141,308.64218370303,1.9041033995289,4394.9299299334,15418,32,553531,9608320,170,8245703387
"Image 12_SIM_P1-2.czi",3,6,22537.152548972,23,61.326086956522,92.5,46,31.302974264139,31.302974264139,"Yellow", , ,919,0,21251,459.17391304348,0,18171.826086957,154,0,14860,23,23,23,765,0,6391,232.80515695903,0,2122.3747559616,10561,0,417952,6041697,0,7694049498
"Image 12_SIM_P1-2.czi",3,7,41154.800306818,42,49.52380952381,102.57142857143,46,31.302974264139,31.302974264139,"Yellow", , ,1352,52,21613,521.47619047619,2.9761904761905,12887.666666667,118,0,5632,42,42,42,1234,52,15981,354.93450018177,9.31949986944,4811.5283696589,21902,125,541282,16586490,3933,7925045004
"Image 12_SIM_P1-2.czi",3,8,43114.55270238,44,110.45454545455,176.56818181818,46,31.302974264139,31.302974264139,"Yellow", , ,1049,94,127,434.31818181818,17.75,10.068181818182,121,0,0,44,44,44,928,94,127,250.35665468578,24.604901194492,28.089059135702,19110,781,443,10994994,39895,38387
"Image 12_SIM_P1-2.czi",3,9,36255.419317911,37,197.04054054054,216.58108108108,46,31.302974264139,31.302974264139,"Yellow", , ,1114,81,25206,411.83783783784,12.324324324324,18196.45945946,79,0,10385,37,37,37,1035,81,14821,286.7015980184,19.994518768422,4454.0310680613,15238,456,673269,9234706,20012,12965294203
"Image 12_SIM_P1-2.czi",10,11,15678.019164502,16,34.6875,98.5625,46,31.302974264139,31.302974264139,"Fuchsia", , ,0,2228,1059,0,1414.5625,860.5,0,816,648,16,16,16,0,1412,411,0,473.37666028228,129.7777587519,0,22633,13768,0,35377075,12099998
"Image 12_SIM_P1-2.czi",10,12,33315.790724567,34,145.23529411765,101.29411764706,46,31.302974264139,31.302974264139,"Fuchsia", , ,179,3032,7690,78.117647058824,1547.1176470588,6024.9705882353,3,587,4895,34,34,34,176,2445,2795,58.409092643071,741.75503449205,781.05521029757,2656,52602,204849,320064,99538100,1254340759
"Image 12_SIM_P1-2.czi",10,13,24496.904944534,25,55.94,127.9,46,31.302974264139,31.302974264139,"Fuchsia", , ,1,2918,5656,0.08,1435.2,4105.56,0,533,3417,25,25,25,1,2385,2239,0.27688746209727,766.06608722747,667.26357111215,2,35880,102639,2,65579550,432076349
"Image 12_SIM_P1-2.czi",10,14,24496.904944534,25,96.62,180.02,46,31.302974264139,31.302974264139,"Fuchsia", , ,22,2649,691,1.6,1533.96,231.56,0,634,27,25,25,25,22,2015,664,4.6457866215888,579.87645810696,189.99475431355,40,38349,5789,582,66895993,2206853
"Image 12_SIM_P1-2.czi",10,15,20577.400153409,21,229.5,201.5,46,31.302974264139,31.302974264139,"Fuchsia", , ,75,2674,10425,14.714285714286,1368.2857142857,4806.6190476191,0,630,1328,21,21,21,75,2044,9097,21.410611521259,622.06174475346,2776.3083488004,309,28734,100939,13715,47055538,639333081
"Image 12_SIM_P1-2.czi",1,2,38756063.374649,39552,138.21933151295,116.50212378641,47,31.302974264139,31.302974264139,"Orange",10,3, , , , , , , , , , , , , , , , , , , , , , , , 
"Image 12_SIM_P1-2.czi",3,4,71530.96243804,73,131.9794520548,63.815068493151,47,31.302974264139,31.302974264139,"Yellow", , ,1530,116,9865,473.12328767123,10.287671232877,6617.0136986301,51,0,3795,73,73,73,1479,116,6070,375.90778808718,23.060596173786,1849.423540016,34538,751,483042,26514812,46015,3442561986
"Image 12_SIM_P1-2.czi",3,5,27436.533537878,28,46.821428571429,82.5,47,31.302974264139,31.302974264139,"Yellow", , ,860,14,19150,370.85714285714,2.4642857142857,12665.964285714,69,0,6111,28,28,28,791,14,13039,216.67875424158,3.9108788711712,4041.108204094,10384,69,354647,5118622,583,4932871235
"Image 12_SIM_P1-2.czi",3,6,42134.676504599,43,24.5,84.360465116279,47,31.302974264139,31.302974264139,"Yellow", , ,971,681,518,421.20930232558,158.97674418605,319.58139534884,101,0,127,43,43,43,870,681,391,239.38299240812,200.27403706542,105.57670029711,18112,6836,13742,10035720,2771372,4859838
"Image 12_SIM_P1-2.czi",3,7,31356.038329004,32,61.15625,92.125,47,31.302974264139,31.302974264139,"Yellow", , ,794,0,21407,322,0,17283.59375,77,0,13790,32,32,32,717,0,7617,211.4652415578,0,2356.5666641409,10304,0,553075,4704132,0,9731279213
"Image 12_SIM_P1-2.czi",3,8,26456.657340097,27,14.574074074074,100.90740740741,47,31.302974264139,31.302974264139,"Yellow", , ,692,384,761,346.96296296296,77.555555555556,379.74074074074,137,1,122,27,27,27,555,383,639,154.92541170151,100.82404068221,199.37162682801,9368,2094,10253,3874398,426704,4926957
"Image 12_SIM_P1-2.czi",3,9,44094.428900162,45,49.5,102.5,47,31.302974264139,31.302974264139,"Yellow", , ,1175,35,21656,440.73333333333,1.8,13367.866666667,96,0,5940,45,45,45,1079,35,15716,307.14687040567,5.9719039144678,4616.8538953392,19833,81,601554,12891989,1715,8979368620
"Image 12_SIM_P1-2.czi",3,10,23517.028746753,24,251.58333333333,114.58333333333,47,31.302974264139,31.302974264139,"Yellow", , ,649,361,6,373.70833333333,121.08333333333,0.5,183,7,0,24,24,24,466,354,6,137.43883356248,113.5030804664,1.474419561549,8969,2906,12,3786247,648176,56
"Image 12_SIM_P1-2.czi",3,11,36255.419317911,37,110.58108108108,176.95945945946,47,31.302974264139,31.302974264139,"Yellow", , ,919,117,71,441.24324324324,21.864864864865,4.4054054054054,133,1,0,37,37,37,786,116,71,209.61822511485,28.998239565496,13.907351092657,16326,809,163,8785570,47961,7681
"Image 12_SIM_P1-2.czi",3,12,28416.40973566,29,170.18965517241,176.94827586207,47,31.302974264139,31.302974264139,"Yellow", , ,642,0,17096,337.55172413793,0,13947.206896552,135,0,11695,29,29,29,507,0,5401,153.55817562244,0,1659.4571267933,9789,0,404469,3964537,0,5718319169
"Image 12_SIM_P1-2.czi",3,13,27436.533537878,28,197,216.5,47,31.302974264139,31.302974264139,"Yellow", , ,745,117,24687,348.78571428571,20.428571428571,17484.892857143,92,0,10490,28,28,28,653,117,14197,177.97260653609,31.868280493106,4057.9292049689,9766,572,489577,4261446,39106,9004804705
"Image 12_SIM_P1-2.czi",14,15,32335.914526785,33,145.34848484849,101.16666666667,47,31.302974264139,31.302974264139,"Fuchsia", , ,231,3765,8361,101.15151515152,1859.2424242424,6625.9090909091,3,594,5543,33,33,33,228,3171,2818,75.100816079172,935.26213004373,846.37097966983,3338,61355,218655,518128,142064707,1471711155
"Image 12_SIM_P1-2.czi",14,16,16657.895362283,17,97.088235294118,180.38235294118,47,31.302974264139,31.302974264139,"Fuchsia", , ,1,2692,724,0.058823529411765,1866.9411764706,296.58823529412,0,1130,29,17,17,17,1,1562,695,0.24253562503633,489.50223066247,231.46626612304,1,31738,5042,1,63086778,2352624
"Image 12_SIM_P1-2.czi",14,17,15678.019164502,16,229.375,201.8125,47,31.302974264139,31.302974264139,"Fuchsia", , ,32,2348,7791,7.5625,1356.125,4019.9375,0,681,1163,16,16,16,32,1667,6628,11.027050073947,523.24103750885,2128.9707205987,121,21698,64319,2739,33531918,326546105
"Image 12_SIM_P1-2.czi",1,2,39080402.396114,39883,137.87421959231,116.36671012712,48,31.302974264139,31.302974264139,"Orange",6,2, , , , , , , , , , , , , , , , , , , , , , , , 
"Image 12_SIM_P1-2.czi",3,4,51933.438482413,53,131.06603773585,63.556603773585,48,31.302974264139,31.302974264139,"Yellow", , ,1149,44,9048,466.58490566038,5.4716981132076,5705.5471698113,121,0,3629,53,53,53,1028,44,5419,282.73379937008,9.2852318093446,1503.929398993,24729,290,302394,15694975,6070,1842937020
"Image 12_SIM_P1-2.czi",3,5,15678.019164502,16,107,89,48,31.302974264139,31.302974264139,"Yellow", , ,613,1,3271,417.9375,0.0625,2219.125,197,0,1523,16,16,16,416,1,1748,116.6187342011,0.25,527.77910467669,6687,1,35506,2998747,1,82970514
"Image 12_SIM_P1-2.czi",3,6,24496.904944534,25,14.5,100.5,48,31.302974264139,31.302974264139,"Yellow", , ,816,374,688,419.36,59.8,363.6,141,0,104,25,25,25,675,374,584,188.49267890292,94.250994689711,186.60140228126,10484,1495,9090,5249278,302599,4140806
"Image 12_SIM_P1-2.czi",3,7,32335.914526785,33,49.924242424242,102.92424242424,48,31.302974264139,31.302974264139,"Yellow", , ,861,5,21719,409.66666666667,0.33333333333333,14616.363636364,117,0,7940,33,33,33,744,5,13779,215.19027433104,1.1086778913042,4028.236895794,13519,11,482340,7020103,43,7569310996
"Image 12_SIM_P1-2.czi",3,8,30376.162131222,31,251.5,115.5,48,31.302974264139,31.302974264139,"Yellow", , ,830,326,28,406.74193548387,87.774193548387,2.6451612903226,156,1,0,31,31,31,674,325,28,190.59887508271,96.706673219387,6.9548466894043,12609,2721,82,6218447,519399,1668
"Image 12_SIM_P1-2.czi",3,9,31356.038329004,32,169.96875,176.84375,48,31.302974264139,31.302974264139,"Yellow", , ,789,0,17126,396.09375,0,14419.34375,130,0,12056,32,32,32,659,0,5070,196.33157591588,0,1641.4277343388,12675,0,461419,6215417,0,6736882009
"Image 12_SIM_P1-2.czi",10,11,30376.162131222,31,145.24193548387,101.33870967742,48,31.302974264139,31.302974264139,"Fuchsia", , ,289,3820,8698,115.06451612903,1920.8064516129,7125.3870967742,2,642,6142,31,31,31,287,3178,2556,93.248748153839,935.86400078056,775.30861285123,3567,59545,220887,671295,140649663,1591938483
"Image 12_SIM_P1-2.czi",10,12,18617.647757846,19,41.342105263158,180.65789473684,48,31.302974264139,31.302974264139,"Fuchsia", , ,1,2369,19,0.052631578947368,1468.5263157895,5.4736842105263,0,795,0,19,19,19,1,1574,19,0.22941573387056,493.8865556224,6.212607441974,1,27902,104,1,45365452,1264
"Image 12_SIM_P1-2.czi",1,2,39424338.941536,40234,137.66329472585,116.15643485609,49,31.302974264139,31.302974264139,"Orange",8,3, , , , , , , , , , , , , , , , , , , , , , , , 
"Image 12_SIM_P1-2.czi",3,4,48013.933691287,49,130.07142857143,63.336734693878,49,31.302974264139,31.302974264139,"Yellow", , ,1020,116,7690,453.26530612245,12.183673469388,4937.2040816327,152,0,3215,49,49,49,868,116,4475,242.41225006091,25.862354775964,1161.5300071384,22210,597,241923,12887680,39379,1259182517
"Image 12_SIM_P1-2.czi",3,5,22537.152548972,23,107.32608695652,89.5,49,31.302974264139,31.302974264139,"Yellow", , ,711,0,4104,399.26086956522,0,2835.6956521739,169,0,1675,23,23,23,542,0,2429,157.84693892022,0,732.86966686895,9183,0,65221,4214557,0,196763061
"Image 12_SIM_P1-2.czi",3,6,23517.028746753,24,14.583333333333,100.58333333333,49,31.302974264139,31.302974264139,"Yellow", , ,879,306,744,465.91666666667,47.708333333333,415.16666666667,154,0,122,24,24,24,725,306,622,199.32100320548,76.670088928029,203.27956048296,11182,1145,9964,6123644,189827,5087140
"Image 12_SIM_P1-2.czi",3,7,26456.657340097,27,251.68518518519,115.24074074074,49,31.302974264139,31.302974264139,"Yellow", , ,924,302,88,474.96296296296,101.88888888889,8.9259259259259,178,4,0,27,27,27,746,298,88,207.19490665731,91.137399792981,21.629619872768,12824,2751,241,7207098,496253,14315
"Image 12_SIM_P1-2.czi",3,8,30376.162131222,31,254.04838709677,158.20967741936,49,31.302974264139,31.302974264139,"Yellow", , ,748,166,78,379.83870967742,29.451612903226,6.9354838709677,125,1,0,31,31,31,623,165,78,178.35434706864,45.633203342652,17.908909298393,11775,913,215,5426909,89361,11113
"Image 12_SIM_P1-2.czi",3,9,29396.285933441,30,81.866666666667,161.96666666667,49,31.302974264139,31.302974264139,"Yellow", , ,779,0,5145,335.26666666667,0,4093.6666666667,66,0,3285,30,30,30,713,0,1860,202.74290383999,0,556.58028099763,10058,0,122810,4564148,0,511726870
"Image 12_SIM_P1-2.czi",3,10,31356.038329004,32,170.15625,176.875,49,31.302974264139,31.302974264139,"Yellow", , ,855,0,17062,429.59375,0,14488.40625,144,0,12432,32,32,32,711,0,4630,214.24764979702,0,1455.4702567716,13747,0,463629,7328589,0,6782915505
"Image 12_SIM_P1-2.czi",3,11,19597.523955627,20,73.1,191.15,49,31.302974264139,31.302974264139,"Yellow", , ,628,45,64,349.05,6.3,36.5,106,0,17,20,20,20,522,45,47,171.19440319184,12.628705813595,15.948931658661,6981,126,730,2993561,3824,31478
"Image 12_SIM_P1-2.czi",12,13,28416.40973566,29,120.91379310345,13.051724137931,49,31.302974264139,31.302974264139,"Fuchsia", , ,11,2603,9546,1.1724137931035,1376.3448275862,3208.0344827586,0,479,277,29,29,29,11,2124,9269,2.7001185888936,615.79010082646,2841.1896211014,34,39914,93033,244,65552956,524479109
"Image 12_SIM_P1-2.czi",12,14,31356.038329004,32,145.34375,101.125,49,31.302974264139,31.302974264139,"Fuchsia", , ,336,3068,9592,134.0625,1520.15625,7902.25,6,531,6811,32,32,32,330,2537,2781,106.26532147595,753.22031688353,840.80234338705,4290,48645,252872,925190,91535567,2020173168
"Image 12_SIM_P1-2.czi",12,15,16657.895362283,17,41.088235294118,180.61764705882,49,31.302974264139,31.302974264139,"Fuchsia", , ,1,2254,28,0.058823529411765,1498.5294117647,7.1176470588235,0,771,0,17,17,17,1,1483,28,0.24253562503633,456.79428050916,9.2390634870449,1,25475,121,1,41513613,2227
"Image 12_SIM_P1-2.czi",1,2,39694784.772123,40510,137.34265613429,116.03648481856,50,31.302974264139,31.302974264139,"Orange",10,3, , , , , , , , , , , , , , , , , , , , , , , , 
"Image 12_SIM_P1-2.czi",3,4,24496.904944534,25,64.06,33.7,50,31.302974264139,31.302974264139,"Yellow", , ,552,7,17,375.44,0.64,1,194,0,0,25,25,25,358,7,17,109.29092673533,1.5513435037627,3.5590260840104,9386,16,25,3810548,68,329
"Image 12_SIM_P1-2.czi",3,5,53893.190877975,55,129.06363636364,62.954545454546,50,31.302974264139,31.302974264139,"Yellow", , ,977,712,6660,433.12727272727,62.036363636364,4427.2,149,0,2907,55,55,55,828,712,3753,238.94490722103,152.16766625403,923.83811713236,23822,3412,243496,13401070,1462038,1124093242
"Image 12_SIM_P1-2.czi",3,6,29396.285933441,30,57.133333333333,68.866666666667,50,31.302974264139,31.302974264139,"Yellow", , ,729,10,22807,312.83333333333,3.9,20318.333333333,92,0,18413,30,30,30,637,10,4394,185.11582270593,3.0777286743804,1255.7810410213,9385,117,609550,3929709,731,12430772678
"Image 12_SIM_P1-2.czi",3,7,25476.781142316,26,107,89.384615384615,50,31.302974264139,31.302974264139,"Yellow", , ,708,0,4397,368.23076923077,0,3070.2307692308,167,0,1936,26,26,26,541,0,2461,152.98164796924,0,684.4901347831,9574,0,79826,4110526,0,256797410
"Image 12_SIM_P1-2.czi",3,8,26456.657340097,27,14.685185185185,100.90740740741,50,31.302974264139,31.302974264139,"Yellow", , ,845,228,974,421.59259259259,43.962962962963,511.55555555556,112,0,130,27,27,27,733,228,844,205.74765336717,64.472702322218,265.56388965215,11383,1187,13812,5899623,160259,8899234
"Image 12_SIM_P1-2.czi",3,9,30376.162131222,31,251.79032258065,115.79032258065,50,31.302974264139,31.302974264139,"Yellow", , ,886,225,187,406.45161290323,86.032258064516,20.838709677419,132,5,0,31,31,31,754,220,187,215.87586536552,62.701666044302,43.233549298505,12600,2667,646,6519362,347393,69536
"Image 12_SIM_P1-2.czi",3,10,33315.790724567,34,253.85294117647,158,50,31.302974264139,31.302974264139,"Yellow", , ,932,205,308,439.05882352941,37.352941176471,27.735294117647,99,0,0,34,34,34,833,205,308,233.3924956827,53.194259403733,65.454267552391,14928,1270,943,8351848,140816,167535
"Image 12_SIM_P1-2.czi",3,11,36255.419317911,37,81.554054054054,161.93243243243,50,31.302974264139,31.302974264139,"Yellow", , ,927,0,5391,338.37837837838,0,4351.5675675676,51,0,3566,37,37,37,876,0,1825,244.29278328261,0,534.05469656105,12520,0,161008,6384940,0,710904910
"Image 12_SIM_P1-2.czi",3,12,29396.285933441,30,170.03333333333,176.96666666667,50,31.302974264139,31.302974264139,"Yellow", , ,794,0,17131,413.76666666667,0,14831.566666667,140,0,12827,30,30,30,654,0,4304,198.74375866727,0,1332.0743658265,12413,0,444947,6281559,0,6650719335
"Image 12_SIM_P1-2.czi",3,13,29396.285933441,30,177.86666666667,198.13333333333,50,31.302974264139,31.302974264139,"Yellow", , ,717,40,24319,353.53333333333,8.4666666666667,21146.6,127,0,17508,30,30,30,590,40,6811,170.84207939484,11.752426993174,1980.5571246844,10606,254,634398,4595998,6156,13529116336
"Image 12_SIM_P1-2.czi",14,15,30376.162131222,31,120.95161290323,13.08064516129,50,31.302974264139,31.302974264139,"Fuchsia", , ,6,3920,10997,0.48387096774194,1878.935483871,3787.7419354839,0,579,325,31,31,31,6,3341,10672,1.3384311149485,988.63036353276,3401.0349696109,15,58247,117420,61,138764055,791767824
"Image 12_SIM_P1-2.czi",14,16,19597.523955627,20,123.25,63.25,50,31.302974264139,31.302974264139,"Fuchsia", , ,305,2565,3936,96.1,1483.5,3069.4,14,618,2261,20,20,20,291,1947,1675,87.20387485355,591.78254363184,511.12954378153,1922,29670,61388,329190,50669370,193388142
"Image 12_SIM_P1-2.czi",14,17,18617.647757846,19,144.92105263158,101.6052631579,50,31.302974264139,31.302974264139,"Fuchsia", , ,338,1941,9480,131.78947368421,1257.8421052632,8276.3684210526,8,710,7524,19,19,19,330,1231,1956,114.41570353922,400.08350005661,605.82003291465,2504,23899,157251,565638,32942371,1308073533
"Image 12_SIM_P1-2.czi",1,2,39928975.183393,40749,137.20512159808,116.01849125132,51,31.302974264139,31.302974264139,"Orange",9,2, , , , , , , , , , , , , , , , , , , , , , , , 
"Image 12_SIM_P1-2.czi",3,4,26456.657340097,27,64.055555555556,34.574074074074,51,31.302974264139,31.302974264139,"Yellow", , ,639,3,42,412.03703703704,0.2962962962963,3.2962962962963,162,0,0,27,27,27,477,3,42,136.70053780815,0.72402798579649,8.9949336800686,11125,8,89,5069775,16,2397
"Image 12_SIM_P1-2.czi",3,5,54873.067075757,56,128.89285714286,62.892857142857,51,31.302974264139,31.302974264139,"Yellow", , ,955,1052,6314,422.85714285714,94.982142857143,4234.5178571429,112,0,2695,56,56,56,843,1052,3619,228.25738491062,223.89977393073,897.0068813169,23680,5319,237133,12878836,3262421,1048398097
"Image 12_SIM_P1-2.czi",3,6,25476.781142316,26,15,100.5,51,31.302974264139,31.302974264139,"Yellow", , ,716,182,979,379.80769230769,34.961538461539,524.19230769231,140,1,143,26,26,26,576,181,836,169.53631333275,49.270259401981,257.31770545079,9875,909,13629,4469165,92469,8799527
"Image 12_SIM_P1-2.czi",3,7,23517.028746753,24,251.58333333333,115.41666666667,51,31.302974264139,31.302974264139,"Yellow", , ,723,240,217,383.20833333333,112.5,34.041666666667,144,15,0,24,24,24,579,225,217,162.73931653085,63.467896711987,58.850938573777,9197,2700,817,4133501,396398,107471
"Image 12_SIM_P1-2.czi",3,8,40174.924109036,41,253.76829268293,158.35365853659,51,31.302974264139,31.302974264139,"Yellow", , ,1092,265,524,432.48780487805,42.90243902439,56.19512195122,109,0,0,41,41,41,983,265,524,279.78323055101,68.976736976335,124.90140501856,17732,1759,2304,10800020,265777,753488
"Image 12_SIM_P1-2.czi",3,9,37235.295515692,38,81.657894736842,162.02631578947,51,31.302974264139,31.302974264139,"Yellow", , ,949,0,5440,338.23684210526,0,4593.1052631579,50,0,3920,38,38,38,899,0,1520,251.84373471278,0,471.37067467602,12853,0,174538,6694093,0,809892448
"Image 12_SIM_P1-2.czi",3,10,22537.152548972,23,170.5,176.67391304348,51,31.302974264139,31.302974264139,"Yellow", , ,621,0,16443,375.60869565217,0,14662.304347826,177,0,13236,23,23,23,444,0,3207,140.88994387317,0,1006.2330488593,8639,0,337233,3681583,0,4966887991
"Image 12_SIM_P1-2.czi",3,11,28416.40973566,29,116.56896551724,179.91379310345,51,31.302974264139,31.302974264139,"Yellow", , ,895,146,0,457.96551724138,19.896551724138,0,131,0,0,29,29,29,764,146,0,209.38898912902,39.036928329455,0,13281,577,0,7309865,54149,0
"Image 12_SIM_P1-2.czi",3,12,30376.162131222,31,177.95161290323,198.20967741936,51,31.302974264139,31.302974264139,"Yellow", , ,883,38,23978,427.93548387097,6.8064516129032,20787.096774194,160,0,17218,31,31,31,723,38,6760,216.65978483695,10.746842497027,1997.7840616516,13266,211,644400,7085236,4901,13514939396
"Image 12_SIM_P1-2.czi",13,14,37235.295515692,38,121.28947368421,13.342105263158,51,31.302974264139,31.302974264139,"Fuchsia", , ,4,5150,17745,0.21052631578947,2003.7631578947,5297.8684210526,0,545,328,38,38,38,4,4605,17417,0.7409962153619,1345.8598664897,5150.1668415434,8,76143,201319,22,219592073,2047957657
"Image 12_SIM_P1-2.czi",13,15,28416.40973566,29,123.08620689655,63.224137931035,51,31.302974264139,31.302974264139,"Fuchsia", , ,373,3452,4013,128.96551724138,1529.7931034483,3026.3448275862,14,516,2151,29,29,29,359,2936,1862,107.54317497061,867.41184728356,566.93891557217,3740,44364,87764,806166,88935034,274603880
"Image 12_SIM_P1-2.czi",1,2,40118091.289565,40942,137.01533877192,116.05769136828,52,31.302974264139,31.302974264139,"Orange",5,2, , , , , , , , , , , , , , , , , , , , , , , , 
"Image 12_SIM_P1-2.czi",3,4,21557.27635119,22,64.409090909091,34.454545454546,52,31.302974264139,31.302974264139,"Yellow", , ,665,0,43,456.90909090909,0,5.6818181818182,215,0,0,22,22,22,450,0,43,132.38504774256,0,11.945855482278,10052,0,125,4960892,0,3707
"Image 12_SIM_P1-2.czi",3,5,39195.047911255,40,128.5,62.875,52,31.302974264139,31.302974264139,"Yellow", , ,806,1257,5508,437.9,143.7,3816.2,198,0,2814,40,40,40,608,1257,2694,167.50305010618,302.47247808685,680.89289793736,17516,5748,152648,8764490,4394082,600616288
"Image 12_SIM_P1-2.czi",3,6,34295.666922348,35,254.07142857143,158.07142857143,52,31.302974264139,31.302974264139,"Yellow", , ,1163,347,365,487.62857142857,64.2,40.714285714286,119,0,0,35,35,35,1044,347,365,293.03975696083,93.326687438456,84.770476071834,17067,2247,1425,11242015,440393,302343
"Image 12_SIM_P1-2.czi",3,7,22537.152548972,23,230.32608695652,193.5,52,31.302974264139,31.302974264139,"Yellow", , ,672,5,20760,410.04347826087,1.0869565217391,11466,194,0,4109,23,23,23,478,5,16651,147.02179129172,1.5348391529071,4714.7069898351,9431,25,263718,4342659,79,3512816752
"Image 12_SIM_P1-2.czi",3,8,38215.171713473,39,177.9358974359,198.42307692308,52,31.302974264139,31.302974264139,"Yellow", , ,1043,40,23570,425.51282051282,4.8205128205128,20354.384615385,80,0,17100,39,39,39,963,40,6470,271.18083612959,9.3888842307548,1886.1180492076,16595,188,793821,9855869,4256,16292920719
"Image 12_SIM_P1-2.czi",9,10,39195.047911255,40,121.3,13.425,52,31.302974264139,31.302974264139,"Fuchsia", , ,3,5446,19309,0.125,1967.925,5999.15,0,455,363,40,40,40,3,4991,18946,0.51577673563824,1441.8781979836,5561.9150803962,5,78717,239966,11,235990649,2646053104
"Image 12_SIM_P1-2.czi",9,11,30376.162131222,31,123.20967741936,63.209677419355,52,31.302974264139,31.302974264139,"Fuchsia", , ,341,3874,3971,146.8064516129,1579.5806451613,3051.1612903226,30,383,2247,31,31,31,311,3491,1724,90.395950998865,989.59994523691,535.30042012401,4551,48967,94586,913259,106726567,297193538
"Image 12_SIM_P1-2.czi",1,2,40276831.233605,41104,136.83069774231,116.17244063838,53,31.302974264139,31.302974264139,"Orange",7,2, , , , , , , , , , , , , , , , , , , , , , , , 
"Image 12_SIM_P1-2.czi",3,4,29396.285933441,30,65,34.5,53,31.302974264139,31.302974264139,"Yellow", , ,607,1,388,378.43333333333,0.033333333333333,44.533333333333,128,0,0,30,30,30,479,1,388,133.14334596484,0.18257418583506,86.088860801053,11353,1,1336,4810441,1,274424
"Image 12_SIM_P1-2.czi",3,5,25476.781142316,26,2.3461538461539,136.84615384615,53,31.302974264139,31.302974264139,"Yellow", , ,794,301,0,405.38461538462,145,0,131,55,0,26,26,26,663,246,0,189.64979871818,64.707341160026,0,10540,3770,0,5171930,651326,0
"Image 12_SIM_P1-2.czi",3,6,40174.924109036,41,254.37804878049,158.40243902439,53,31.302974264139,31.302974264139,"Yellow", , ,1110,440,331,402.53658536585,76.853658536585,37.243902439024,75,0,0,41,41,41,1035,440,331,285.36135841779,111.40344720331,80.609794841509,16504,3151,1527,9900708,738595,316789
"Image 12_SIM_P1-2.czi",3,7,74470.591031384,76,116.36842105263,178.05263157895,53,31.302974264139,31.302974264139,"Yellow", , ,1248,453,2061,420.39473684211,90.5,206.14473684211,71,0,0,76,76,76,1177,453,2061,274.3431466344,122.23251067808,435.73529285404,31950,6878,15667,19076424,1743018,17469563
"Image 12_SIM_P1-2.czi",3,8,30376.162131222,31,230.27419354839,194.33870967742,53,31.302974264139,31.302974264139,"Yellow", , ,762,49,20505,393.87096774194,4.4838709677419,10305.741935484,96,0,3159,31,31,31,666,49,17346,180.65413399375,9.9561403758081,4639.2225352081,12210,139,319478,5788242,3597,3938129394
"Image 12_SIM_P1-2.czi",3,9,37235.295515692,38,178,198.5,53,31.302974264139,31.302974264139,"Yellow", , ,1152,19,23022,469.97368421053,2.0263157894737,19985.289473684,86,0,17014,38,38,38,1066,19,6008,296.65982765251,4.2393704409287,1703.1583365459,17859,77,759441,11649521,821,15284975911
"Image 12_SIM_P1-2.czi",3,10,35275.543120129,36,213.5,224.13888888889,53,31.302974264139,31.302974264139,"Yellow", , ,668,24,57,381.66666666667,6.3888888888889,8.7222222222222,152,0,0,36,36,36,516,24,57,148.98341230774,7.628060145758,10.568446597872,13740,230,314,6020962,3506,6648
"Image 12_SIM_P1-2.czi",11,12,29396.285933441,30,121,13.166666666667,53,31.302974264139,31.302974264139,"Fuchsia", , ,1,4660,14634,0.066666666666667,2028.9666666667,5099.3,0,581,412,30,30,30,1,4079,14222,0.25370813170246,1195.1257756154,4444.0337621704,2,60869,152979,2,164922615,1352819461
"Image 12_SIM_P1-2.czi",11,13,27436.533537878,28,123.10714285714,63.321428571429,53,31.302974264139,31.302974264139,"Fuchsia", , ,230,3502,3835,128.39285714286,1520.5357142857,3007.8571428571,53,499,2331,28,28,28,177,3003,1504,51.871164676222,869.8890726278,471.29669151032,3595,42575,84220,534219,85167897,259318984
"Image 12_SIM_P1-2.czi",1,2,40424792.53947,41255,136.65876863411,116.41213186281,54,31.302974264139,31.302974264139,"Orange",6,2, , , , , , , , , , , , , , , , , , , , , , , , 
"Image 12_SIM_P1-2.czi",3,4,34295.666922348,35,2.7285714285714,136.5,54,31.302974264139,31.302974264139,"Yellow", , ,923,463,1,389.54285714286,149.85714285714,0.028571428571429,83,17,0,35,35,35,840,446,1,233.45025201971,111.05725678997,0.1690308509457,13634,5245,1,7163994,1205347,1
"Image 12_SIM_P1-2.czi",3,5,28416.40973566,29,254.08620689655,158.56896551724,54,31.302974264139,31.302974264139,"Yellow", , ,955,292,412,436.55172413793,60.379310344828,58.862068965517,118,1,0,29,29,29,837,291,412,231.08016330252,79.793668650152,112.17261065555,12660,1751,1707,7021890,284001,452793
"Image 12_SIM_P1-2.czi",3,6,82309.600613635,84,116.47619047619,177.55952380952,54,31.302974264139,31.302974264139,"Yellow", , ,1214,283,4079,427.35714285714,58.190476190476,458.94047619048,75,0,0,84,84,84,1139,283,4079,276.28558835724,71.368123590513,885.25380406923,35898,4888,38551,21676966,707188,82737581
"Image 12_SIM_P1-2.czi",3,7,35275.543120129,36,230.25,194.33333333333,54,31.302974264139,31.302974264139,"Yellow", , ,750,33,20123,360.77777777778,3.3611111111111,10512.361111111,125,0,2528,36,36,36,625,33,17595,179.79942970053,6.1882505156502,5062.7633851924,12988,121,378445,5817256,1747,4875455559
"Image 12_SIM_P1-2.czi",3,8,36255.419317911,37,177.95945945946,198.41891891892,54,31.302974264139,31.302974264139,"Yellow", , ,1157,9,22387,478.2972972973,0.91891891891892,19708.972972973,85,0,16957,37,37,37,1072,9,5430,295.74565506951,1.9203353060567,1528.4060231076,17697,34,729232,11613185,164,14456510678
"Image 12_SIM_P1-2.czi",3,9,41154.800306818,42,213.5,224,54,31.302974264139,31.302974264139,"Yellow", , ,829,20,81,405.88095238095,4.952380952381,10.428571428571,79,0,0,42,42,42,750,20,81,201.40085043308,5.7718931288062,14.71707628895,17047,208,438,8582107,2396,13448
"Image 12_SIM_P1-2.czi",10,11,26456.657340097,27,120.90740740741,13.425925925926,54,31.302974264139,31.302974264139,"Fuchsia", , ,1,3315,15428,0.037037037037037,1493.3703703704,5861.3333333333,0,511,915,27,27,27,1,2804,14513,0.19245008972988,795.42616290061,4641.5500975097,1,40321,158256,1,76664459,1487734838
"Image 12_SIM_P1-2.czi",10,12,17637.771560065,18,123.22222222222,63.388888888889,54,31.302974264139,31.302974264139,"Fuchsia", , ,118,2488,3707,94.5,1410.5,3055.7222222222,84,752,2430,18,18,18,34,1736,1277,8.5697827551571,546.16451410778,403.66800650674,1701,25389,55003,161993,40882211,170844003
"Image 12_SIM_P1-2.czi",1,2,40530619.168831,41363,136.40561613036,116.65407489786,55,31.302974264139,31.302974264139,"Orange",9,0, , , , , , , , , , , , , , , , , , , , , , , , 
"Image 12_SIM_P1-2.czi",3,4,15678.019164502,16,19,97,55,31.302974264139,31.302974264139,"Yellow", , ,559,205,1998,417.25,39.25,888.5625,266,1,210,16,16,16,293,204,1788,84.036896658551,58.102782492178,474.65032304494,6676,628,14217,2891494,75288,16012087
"Image 12_SIM_P1-2.czi",3,5,17637.771560065,18,208,117.5,55,31.302974264139,31.302974264139,"Yellow", , ,615,0,7534,335.5,0,5819.1666666667,127,0,4612,18,18,18,488,0,2922,158.27907222966,0,822.25402186343,6039,0,104745,2451973,0,621022341
"Image 12_SIM_P1-2.czi",3,6,39195.047911255,40,2.875,136.5,55,31.302974264139,31.302974264139,"Yellow", , ,1011,435,3,382.275,116.725,0.225,70,11,0,40,40,40,941,424,3,259.07102159595,99.685399362965,0.73336247028363,15291,4669,9,8462961,932539,23
"Image 12_SIM_P1-2.czi",3,7,22537.152548972,23,254.32608695652,158.5,55,31.302974264139,31.302974264139,"Yellow", , ,748,316,236,389.04347826087,71.652173913044,30.608695652174,143,3,0,23,23,23,605,313,236,171.03547698461,79.239916878285,60.470683453325,8948,1648,704,4124730,256220,101996
"Image 12_SIM_P1-2.czi",3,8,20577.400153409,21,125.78571428571,164.5,55,31.302974264139,31.302974264139,"Yellow", , ,654,0,22122,376.33333333333,0,16090.476190476,106,0,7142,21,21,21,548,0,14980,153.3614466981,0,4669.6784109727,7903,0,337900,3444557,0,5873089834
"Image 12_SIM_P1-2.czi",3,9,78390.095822509,80,116.2625,177.0375,55,31.302974264139,31.302974264139,"Yellow", , ,1002,118,5656,416.325,30.225,655.125,69,0,0,80,80,80,933,118,5656,255.45039772175,32.794324532135,1191.7043254797,33306,2418,52410,19021258,158046,146527678
"Image 12_SIM_P1-2.czi",3,10,25476.781142316,26,230.5,194.84615384615,55,31.302974264139,31.302974264139,"Yellow", , ,638,38,16366,370.34615384615,4.7692307692308,9170.3076923077,163,0,3669,26,26,26,475,38,12697,135.61591125165,8.391937522683,3740.630757177,9629,124,238428,4025855,2352,2536266084
"Image 12_SIM_P1-2.czi",3,11,37235.295515692,38,178,198.5,55,31.302974264139,31.302974264139,"Yellow", , ,1048,3,21629,429.81578947368,0.31578947368421,19273.210526316,78,0,16905,38,38,38,970,3,4724,267.64385929744,0.70155283971575,1344.1632413311,16333,12,732382,9670611,22,14182203140
"Image 12_SIM_P1-2.czi",3,12,46054.181295724,47,213.92553191489,224.05319148936,55,31.302974264139,31.302974264139,"Yellow", , ,1018,11,89,438.8085106383,3.1276595744681,10.659574468085,85,0,0,47,47,47,933,11,89,260.50583222194,3.3597167406261,15.048149670662,20624,147,501,12171698,979,15757
"Image 12_SIM_P1-2.czi",1,2,40681520.103289,41517,136.28989329672,116.83706674374,56,31.302974264139,31.302974264139,"Orange",8,0, , , , , , , , , , , , , , , , , , , , , , , , 
"Image 12_SIM_P1-2.czi",3,4,27436.533537878,28,19.5,96.821428571429,56,31.302974264139,31.302974264139,"Yellow", , ,868,319,3235,491,45.214285714286,1338.3928571429,192,0,156,28,28,28,676,319,3079,187.73128944595,77.424446872709,861.4127646246,13748,1266,37475,7701830,219094,70191135
"Image 12_SIM_P1-2.czi",3,5,22537.152548972,23,30.326086956522,115.5,56,31.302974264139,31.302974264139,"Yellow", , ,608,117,7168,379.91304347826,18.086956521739,6733.7826086957,206,2,5990,23,23,23,402,115,1178,115.89804023893,26.868218879761,336.73566062765,8738,416,154877,3615192,23406,1045402649
"Image 12_SIM_P1-2.czi",3,6,33315.790724567,34,208.11764705882,117.85294117647,56,31.302974264139,31.302974264139,"Yellow", , ,811,0,9709,344.85294117647,0,6054.7058823529,77,0,4070,34,34,34,734,0,5639,205.97133256736,0,1516.4222752697,11725,0,205860,5443399,0,1322306458
"Image 12_SIM_P1-2.czi",3,7,36255.419317911,37,2.6891891891892,136.58108108108,56,31.302974264139,31.302974264139,"Yellow", , ,1016,342,7,397.7027027027,90.432432432432,0.54054054054054,70,8,0,37,37,37,946,334,7,258.72377643443,82.943602171241,1.8498437560837,14715,3346,20,8261963,550254,134
"Image 12_SIM_P1-2.czi",3,8,23517.028746753,24,125.75,164.875,56,31.302974264139,31.302974264139,"Yellow", , ,718,0,21562,402.41666666667,0,13825.75,181,0,3663,24,24,24,537,0,17899,161.40252588581,0,5660.4708918421,9658,0,331818,4485708,0,5324574120
"Image 12_SIM_P1-2.czi",3,9,48013.933691287,49,115.62244897959,175.37755102041,56,31.302974264139,31.302974264139,"Yellow", , ,929,54,5652,428.30612244898,23.897959183674,1059.4693877551,95,0,0,49,49,49,834,54,5652,210.77408957634,17.440667153188,1387.5858247036,20987,1171,51914,11121295,42585,147420226
"Image 12_SIM_P1-2.czi",3,10,27436.533537878,28,178.17857142857,198.39285714286,56,31.302974264139,31.302974264139,"Yellow", , ,857,1,20737,441.32142857143,0.10714285714286,18751.071428571,142,0,16822,28,28,28,715,1,3915,201.72791605626,0.31497039417436,1179.7228465657,12357,3,525030,6552151,3,9882452174
"Image 12_SIM_P1-2.czi",3,11,49973.68608685,51,214.26470588235,224.02941176471,56,31.302974264139,31.302974264139,"Yellow", , ,1278,6,107,484.07843137255,2.0980392156863,11.725490196078,62,0,0,51,51,51,1216,6,107,338.15669995653,2.0809123187754,18.445680720833,24688,107,598,17668426,441,24024
"Image 12_SIM_P1-2.czi",1,2,40830461.285352,41669,136.14990760517,116.9450070796,57,31.302974264139,31.302974264139,"Orange",9,0, , , , , , , , , , , , , , , , , , , , , , , , 
"Image 12_SIM_P1-2.czi",3,4,19597.523955627,20,150,64.5,57,31.302974264139,31.302974264139,"Yellow", , ,615,0,11554,457.3,0,8491.45,315,0,6486,20,20,20,300,0,5068,90.699097656975,0,1568.9928541315,9146,0,169829,4338766,0,1488867495
"Image 12_SIM_P1-2.czi",3,5,46054.181295724,47,19.5,96.627659574468,57,31.302974264139,31.302974264139,"Yellow", , ,1216,183,5503,475.25531914894,24.340425531915,1716.3829787234,92,0,83,47,47,47,1124,183,5420,304.24049898245,42.926264685097,1384.7622234002,22337,1144,80670,14873643,112608,226668670
"Image 12_SIM_P1-2.czi",3,6,20577.400153409,21,30.357142857143,115.5,57,31.302974264139,31.302974264139,"Yellow", , ,633,28,7723,412.52380952381,7.6190476190476,7289.0952380952,216,1,6662,21,21,21,417,27,1061,123.45226569311,7.4798141051512,301.32173913641,8663,160,153071,3878503,2338,1117564993
"Image 12_SIM_P1-2.czi",3,7,30376.162131222,31,208.20967741936,117.79032258065,57,31.302974264139,31.302974264139,"Yellow", , ,1008,0,9990,442.87096774194,0,6407.9677419355,134,0,4541,31,31,31,874,0,5449,250.625715884,0,1537.8611442275,13729,0,198647,7964573,0,1343874075
"Image 12_SIM_P1-2.czi",3,8,30376.162131222,31,2.4032258064516,136.66129032258,57,31.302974264139,31.302974264139,"Yellow", , ,912,240,0,389.48387096774,69.967741935484,0,70,10,0,31,31,31,842,230,0,232.88121020064,67.695634458443,0,12074,2169,0,6329638,289241,0
"Image 12_SIM_P1-2.czi",3,9,26456.657340097,27,43.685185185185,152.09259259259,57,31.302974264139,31.302974264139,"Yellow", , ,684,2,9495,390.2962962963,0.25925925925926,7347.5185185185,160,0,4856,27,27,27,524,2,4639,148.06308811678,0.59437055216115,1384.3269225476,10538,7,198383,4682932,11,1507448153
"Image 12_SIM_P1-2.czi",3,10,26456.657340097,27,125.57407407407,165.09259259259,57,31.302974264139,31.302974264139,"Yellow", , ,740,0,20373,403.44444444444,0,12347.185185185,184,0,3442,27,27,27,556,0,16931,167.98404991439,0,5311.3323334824,10893,0,333374,5128405,0,4849697044
"Image 12_SIM_P1-2.czi",3,11,23517.028746753,24,177.58333333333,198.41666666667,57,31.302974264139,31.302974264139,"Yellow", , ,644,1,19775,377.54166666667,0.083333333333333,18470,157,0,17368,24,24,24,487,1,2407,145.20060461207,0.28232985128664,733.11153431052,9061,2,443280,3905819,2,8199743008
"Image 12_SIM_P1-2.czi",3,12,49973.68608685,51,214.6568627451,223.95098039216,57,31.302974264139,31.302974264139,"Yellow", , ,1630,7,85,571,1.5098039215686,9.2549019607843,68,0,0,51,51,51,1562,7,85,436.10420773022,1.7363473041947,14.872583013391,29121,77,472,26137435,267,15428
"Image 12_SIM_P1-2.czi",1,2,40930408.657526,41771,136.08521462259,117.17357736229,58,31.302974264139,31.302974264139,"Orange",9,2, , , , , , , , , , , , , , , , , , , , , , , , 
"Image 12_SIM_P1-2.czi",3,4,40174.924109036,41,150.06097560976,64.573170731707,58,31.302974264139,31.302974264139,"Yellow", , ,787,2,13413,432.0243902439,0.097560975609756,8643.5853658537,176,0,6021,41,41,41,611,2,7392,167.69071050671,0.43616957991018,2077.0766232329,17713,4,354387,8777255,8,3235744179
"Image 12_SIM_P1-2.czi",3,5,21557.27635119,22,56.727272727273,76.590909090909,58,31.302974264139,31.302974264139,"Yellow", , ,659,61,18064,377.5,16.954545454546,13795.363636364,135,0,9989,22,22,22,524,61,8075,143.92119205944,18.432572806305,2215.5477565315,8305,373,303498,3570117,13459,4289946962
"Image 12_SIM_P1-2.czi",3,6,20577.400153409,21,225.35714285714,80.5,58,31.302974264139,31.302974264139,"Yellow", , ,766,6,10619,415.04761904762,0.61904761904762,5420.5238095238,125,0,1354,21,21,21,641,6,9265,202.55628259585,1.5644868320376,2832.3899381803,8716,13,113831,4438136,57,777472301
"Image 12_SIM_P1-2.czi",3,7,55852.943273538,57,19.833333333333,96.938596491228,58,31.302974264139,31.302974264139,"Yellow", , ,1512,180,6519,472,22.912280701754,2536.9649122807,56,0,116,57,57,57,1456,180,6403,391.09859005481,41.413541911241,1886.9511970837,26904,1306,144607,21264342,125968,566255635
"Image 12_SIM_P1-2.czi",3,8,35275.543120129,36,208.63888888889,117.97222222222,58,31.302974264139,31.302974264139,"Yellow", , ,1159,0,10217,454.08333333333,0,6783.75,88,0,4533,36,36,36,1071,0,5684,299.15150246752,0,1587.0516127173,16347,0,244215,10555107,0,1744849155
"Image 12_SIM_P1-2.czi",3,9,31356.038329004,32,44,152,58,31.302974264139,31.302974264139,"Yellow", , ,785,3,9441,408.46875,0.375,7403.6875,163,0,5039,32,32,32,622,3,4402,182.02534108851,0.79311553891253,1269.0445081673,13071,12,236918,6366225,24,1803991528
"Image 12_SIM_P1-2.czi",3,10,27436.533537878,28,125.5,165,58,31.302974264139,31.302974264139,"Yellow", , ,708,0,19814,382,0,11819,122,0,3266,28,28,28,586,0,16548,166.47121873365,0,5118.6823246555,10696,0,330932,4834114,0,4618709844
"Image 12_SIM_P1-2.czi",3,11,26456.657340097,27,232.90740740741,200.42592592593,58,31.302974264139,31.302974264139,"Yellow", , ,629,350,7020,342.85185185185,135.03703703704,2319.8518518519,125,12,250,27,27,27,504,338,6770,156.01102123388,105.42167397992,1851.2825430309,9257,3646,62636,3806605,781302,234414664
"Image 12_SIM_P1-2.czi",3,12,48013.933691287,49,214.39795918367,223.92857142857,58,31.302974264139,31.302974264139,"Yellow", , ,2037,7,131,698.51020408163,0.93877551020408,13.326530612245,69,0,0,49,49,49,1968,7,131,547.31629804167,1.4635596341527,28.047123853661,34227,46,653,38286555,146,46461
"Image 12_SIM_P1-2.czi",13,14,24496.904944534,25,59.18,47.26,58,31.302974264139,31.302974264139,"Fuchsia", , ,104,2517,12168,22.92,1267,5922.44,1,471,1294,25,25,25,103,2046,10874,24.031090972599,612.23320720131,3470.8817573253,573,31675,148061,26993,49128133,1166010873
"Image 12_SIM_P1-2.czi",13,15,26456.657340097,27,240.24074074074,142.09259259259,58,31.302974264139,31.302974264139,"Fuchsia", , ,68,2866,10458,42.037037037037,1333.2592592593,7679.6666666667,8,478,5579,27,27,27,60,2388,4879,19.770766067181,756.59218730551,1444.5742252677,1135,35998,207351,57875,62877892,1646643225
"Image 12_SIM_P1-2.czi",1,2,41073470.582402,41917,135.9889901472,117.24263425341,59,31.302974264139,31.302974264139,"Orange",10,2, , , , , , , , , , , , , , , , , , , , , , , , 
"Image 12_SIM_P1-2.czi",3,4,49973.68608685,51,150.06862745098,64.539215686275,59,31.302974264139,31.302974264139,"Yellow", , ,956,15,13394,444.70588235294,0.80392156862745,8494.6666666667,119,0,6067,51,51,51,837,15,7327,226.95755498486,2.5691991580501,1945.2856105638,22680,41,433228,12661416,363,3869334256
"Image 12_SIM_P1-2.czi",3,5,24496.904944534,25,56.5,76.5,59,31.302974264139,31.302974264139,"Yellow", , ,836,120,17757,441.96,36.36,13364.72,160,0,9412,25,25,25,676,120,8345,187.11682625212,35.369337002551,2286.2697879588,11049,909,334118,5723521,63075,4590842226
"Image 12_SIM_P1-2.czi",3,6,17637.771560065,18,226.16666666667,80.5,59,31.302974264139,31.302974264139,"Yellow", , ,784,19,6420,469.22222222222,1.7777777777778,2984.0555555556,172,0,844,18,18,18,612,19,5576,183.70646520871,4.5961051996811,1662.4838423707,8446,32,53713,4536768,416,207268069
"Image 12_SIM_P1-2.czi",3,7,58792.571866882,60,19.616666666667,96.816666666667,59,31.302974264139,31.302974264139,"Yellow", , ,1647,77,7572,463.06666666667,13.666666666667,2894.95,48,0,77,60,60,60,1599,77,7495,426.32357674705,20.606619527753,2255.1649075333,27784,820,173697,23589200,36260,802904487
"Image 12_SIM_P1-2.czi",3,8,43114.55270238,44,208.45454545455,117.56818181818,59,31.302974264139,31.302974264139,"Yellow", , ,1209,0,10739,404.93181818182,0,7092.9090909091,65,0,4759,44,44,44,1144,0,5980,321.85562253091,0,1708.2247117876,17817,0,312088,11669085,0,2339087174
"Image 12_SIM_P1-2.czi",3,9,31356.038329004,32,44.15625,152.125,59,31.302974264139,31.302974264139,"Yellow", , ,832,3,9225,413.59375,0.375,7244.9375,159,0,5159,32,32,32,673,3,4066,195.86382026477,0.75134288379691,1212.6243983409,13235,12,231838,6663155,22,1725236016
"Image 12_SIM_P1-2.czi",3,10,24496.904944534,25,125.7,164.94,59,31.302974264139,31.302974264139,"Yellow", , ,624,0,17312,361.84,0,11056.72,123,0,3631,25,25,25,501,0,13681,142.17468129031,0,4377.5113984242,9046,0,276418,3758332,0,3516178974
"Image 12_SIM_P1-2.czi",3,11,19597.523955627,20,20,168.5,59,31.302974264139,31.302974264139,"Yellow", , ,616,4,227,408.1,0.9,19.5,169,0,0,20,20,20,447,4,227,124.57755986153,1.2937094768635,53.352354064376,8162,18,390,3625784,48,61688
"Image 12_SIM_P1-2.czi",3,12,29396.285933441,30,233,200,59,31.302974264139,31.302974264139,"Yellow", , ,836,462,7889,420.53333333333,183.26666666667,2767.0666666667,139,16,338,30,30,30,697,446,7551,208.07951618906,147.9459205328,2026.7705913312,12616,5498,83012,6561064,1642352,348825910
"Image 12_SIM_P1-2.czi",3,13,50953.562284631,52,214.57692307692,223.82692307692,59,31.302974264139,31.302974264139,"Yellow", , ,2424,7,182,757.46153846154,0.67307692307692,13.769230769231,48,0,0,52,52,52,2376,7,182,658.07659312064,1.3094101927167,36.411383365815,39388,35,716,51921200,111,77474
"Image 12_SIM_P1-2.czi",14,15,25476.781142316,26,59.346153846154,47.115384615385,59,31.302974264139,31.302974264139,"Fuchsia", , ,68,2835,13285,15.538461538462,1363.3846153846,6716.7307692308,1,532,1625,26,26,26,67,2303,11660,15.636446576459,703.08514858006,3689.8961021437,404,35448,174635,12390,60687476,1513359609
"Image 12_SIM_P1-2.czi",14,16,27436.533537878,28,240.28571428571,142,59,31.302974264139,31.302974264139,"Fuchsia", , ,72,3491,10437,46.892857142857,1477.4642857143,7820.9642857143,12,458,5616,28,28,28,60,3033,4821,18.73467627791,896.87430401131,1492.6581678618,1313,41369,218987,71047,82839575,1772846273
"Image 12_SIM_P1-2.czi",1,2,41196934.983322,42043,135.96528554099,117.3704897367,60,31.302974264139,31.302974264139,"Orange",12,3, , , , , , , , , , , , , , , , , , , , , , , , 
"Image 12_SIM_P1-2.czi",3,4,21557.27635119,22,228.40909090909,59.590909090909,60,31.302974264139,31.302974264139,"Yellow", , ,603,4,0,425.31818181818,0.68181818181818,0,237,0,0,22,22,22,366,4,0,109.72666748991,1.1291110551632,0,9357,15,0,4232541,37,0
"Image 12_SIM_P1-2.czi",3,5,65651.705251352,67,150.41044776119,64.470149253731,60,31.302974264139,31.302974264139,"Yellow", , ,1119,42,14430,424.91044776119,3.2686567164179,8613,110,0,6037,67,67,67,1009,42,8393,276.26100588762,9.0261943548699,2290.2062630411,28469,219,577071,17133905,6093,5316485475
"Image 12_SIM_P1-2.czi",3,6,21557.27635119,22,96.590909090909,72.409090909091,60,31.302974264139,31.302974264139,"Yellow", , ,689,4,1047,387.31818181818,0.95454545454546,733.59090909091,167,0,440,22,22,22,522,4,607,154.90070133065,1.3965015038361,184.25155141581,8521,21,16139,3804217,61,12552345
"Image 12_SIM_P1-2.czi",3,7,32335.914526785,33,56.227272727273,76.136363636364,60,31.302974264139,31.302974264139,"Yellow", , ,1058,598,17174,450.93939393939,104.78787878788,13184.848484849,57,1,8934,33,33,33,1001,597,8240,274.86632425985,128.89549002384,2294.2557497096,14881,3458,435100,9128077,894006,5905163078
"Image 12_SIM_P1-2.czi",3,8,35275.543120129,36,81.638888888889,78.888888888889,60,31.302974264139,31.302974264139,"Yellow", , ,723,174,7605,448.69444444444,19.777777777778,5987.1944444444,106,0,3896,36,36,36,617,174,3709,181.16193536556,39.613930530351,1176.962089921,16153,712,215539,8396449,69006,1338957295
"Image 12_SIM_P1-2.czi",3,9,21557.27635119,22,226.27272727273,80.272727272727,60,31.302974264139,31.302974264139,"Yellow", , ,695,6,5580,374.5,0.72727272727273,2335.1363636364,95,0,221,22,22,22,600,6,5359,169.16538821942,1.6382865085151,1612.730228539,8239,16,51373,3686461,68,174581835
"Image 12_SIM_P1-2.czi",3,10,41154.800306818,42,19.357142857143,96.857142857143,60,31.302974264139,31.302974264139,"Yellow", , ,1554,42,8510,555.78571428571,5.9761904761905,3030.5714285714,71,0,232,42,42,42,1483,42,8278,405.29245903658,8.8854171985395,2249.6843262876,23343,251,127284,19708447,4737,593247516
"Image 12_SIM_P1-2.czi",3,11,33315.790724567,34,208.85294117647,118,60,31.302974264139,31.302974264139,"Yellow", , ,1120,1,10461,458.29411764706,0.029411764705882,7430,74,0,5300,34,34,34,1046,1,5161,297.39969324145,0.17149858514251,1482.5201516337,15582,1,252620,10059876,1,1949496178
"Image 12_SIM_P1-2.czi",3,12,27436.533537878,28,44.178571428571,152.5,60,31.302974264139,31.302974264139,"Yellow", , ,761,2,8364,392.78571428571,0.39285714285714,6867.2857142857,143,0,5256,28,28,28,618,2,3108,175.58270334599,0.6288900106558,942.3201805922,10998,11,192284,5152248,15,1344444284
"Image 12_SIM_P1-2.czi",3,13,31356.038329004,32,19.84375,168.125,60,31.302974264139,31.302974264139,"Yellow", , ,718,14,559,371.59375,2.34375,61.21875,95,0,0,32,32,32,623,14,559,171.48212723103,3.5067619012785,128.87296429981,11891,75,1959,5330211,557,634783
"Image 12_SIM_P1-2.czi",3,14,37235.295515692,38,233,200.5,60,31.302974264139,31.302974264139,"Yellow", , ,1095,600,8720,456.07894736842,207.55263157895,3043.4473684211,145,19,261,38,38,38,950,581,8459,272.48767704137,176.94031630306,2334.876600679,17331,7887,115651,10651537,2795359,553688735
"Image 12_SIM_P1-2.czi",3,15,56832.819471319,58,215.03448275862,223.84482758621,60,31.302974264139,31.302974264139,"Yellow", , ,2651,28,213,725.25862068966,1.2586206896552,13.293103448276,27,0,0,58,58,58,2624,28,213,720.52462758706,4.0805931149024,40.737503140589,42065,73,771,60099881,1041,104843
"Image 12_SIM_P1-2.czi",16,17,24496.904944534,25,59.46,47.1,60,31.302974264139,31.302974264139,"Fuchsia", , ,27,2734,14266,7.48,1338.4,7617.52,0,478,1872,25,25,25,27,2256,12394,6.9469417731834,682.39223813483,3908.6789127956,187,33460,190438,2557,55958684,1817331774
"Image 12_SIM_P1-2.czi",16,18,32335.914526785,33,212.59090909091,48.045454545455,60,31.302974264139,31.302974264139,"Fuchsia", , ,38,2847,1224,9.5454545454546,1698.3333333333,292.84848484849,0,747,0,33,33,33,38,2100,1224,10.56258405023,620.94195917708,368.7175512174,315,56045,9664,6577,107521297,7180572
"Image 12_SIM_P1-2.czi",16,19,28416.40973566,29,240.22413793103,142.08620689655,60,31.302974264139,31.302974264139,"Fuchsia", , ,81,3777,10445,56.172413793103,1500.1034482759,7828.8965517241,20,438,5666,29,29,29,61,3339,4779,18.213160401827,968.91118363522,1500.6634329243,1629,43503,227038,100793,91545089,1840512756
"Image 12_SIM_P1-2.czi",1,2,41279244.583936,42127,135.93568257887,117.6135376362,61,31.302974264139,31.302974264139,"Orange",10,2, , , , , , , , , , , , , , , , , , , , , , , , 
"Image 12_SIM_P1-2.czi",3,4,24496.904944534,25,167.5,15.5,61,31.302974264139,31.302974264139,"Yellow", , ,638,42,13,370.64,6.96,0.76,128,0,0,25,25,25,510,42,13,134.55942924968,12.444811502523,2.7428695436228,9266,174,19,3868900,4928,195
"Image 12_SIM_P1-2.czi",3,5,66631.581449133,68,150.57352941177,64.352941176471,61,31.302974264139,31.302974264139,"Yellow", , ,1289,158,15124,466.61764705882,8.5588235294118,8629.2205882353,66,0,6222,68,68,68,1223,158,8902,326.91004876333,25.197359701141,2362.4943613332,31730,582,586787,21966080,47520,5437466895
"Image 12_SIM_P1-2.czi",3,6,27436.533537878,28,96.857142857143,72.357142857143,61,31.302974264139,31.302974264139,"Yellow", , ,767,7,1242,380.96428571429,1.5357142857143,792.14285714286,103,0,423,28,28,28,664,7,819,188.86355689146,2.2023916773656,223.19626212948,10667,43,22180,5026821,197,18914776
"Image 12_SIM_P1-2.czi",3,7,42134.676504599,43,56.639534883721,76.244186046512,61,31.302974264139,31.302974264139,"Yellow", , ,1325,482,16924,459.74418604651,101.23255813954,11891.88372093,62,0,7815,43,43,43,1263,482,9109,353.78848220931,118.69445311573,2490.8313319558,19769,4353,511351,14345667,1032377,6341504743
"Image 12_SIM_P1-2.czi",3,8,44094.428900162,45,82.211111111111,78.855555555556,61,31.302974264139,31.302974264139,"Yellow", , ,909,170,7444,474.95555555556,17.644444444444,5346.4,106,0,3128,45,45,45,803,170,4316,228.94133384654,37.98753118133,1434.4410599761,21373,794,240588,12457447,77504,1376815014
"Image 12_SIM_P1-2.czi",3,9,42134.676504599,43,19.5,96.755813953488,61,31.302974264139,31.302974264139,"Yellow", , ,1259,23,9531,440.20930232558,3.8139534883721,3703.6511627907,48,0,299,43,43,43,1211,23,9232,322.51094910461,6.3779972000229,2635.5004212964,18929,164,159257,12701281,2334,881558597
"Image 12_SIM_P1-2.czi",3,10,35275.543120129,36,208.63888888889,117.88888888889,61,31.302974264139,31.302974264139,"Yellow", , ,906,7,10529,363.02777777778,0.58333333333333,7526.3055555556,111,0,5006,36,36,36,795,7,5523,239.98827186952,1.4614083227197,1568.1480400131,13069,21,270947,6760213,87,2125298001
"Image 12_SIM_P1-2.czi",3,11,26456.657340097,27,19.574074074074,168.09259259259,61,31.302974264139,31.302974264139,"Yellow", , ,727,18,356,396.33333333333,3.7037037037037,38.962962962963,159,0,0,27,27,27,568,18,356,168.18167832162,5.1799525897356,90.610103648494,10701,100,1052,4976575,1068,254454
"Image 12_SIM_P1-2.czi",3,12,42134.676504599,43,233.22093023256,200.33720930233,61,31.302974264139,31.302974264139,"Yellow", , ,1327,628,9966,479.06976744186,195.23255813954,3446.1395348837,73,5,102,43,43,43,1254,623,9864,343.57167376926,182.89430166464,2777.2539844876,20600,8395,148184,14826580,3043891,834614608
"Image 12_SIM_P1-2.czi",3,13,48993.809889068,50,214.58,223.96,61,31.302974264139,31.302974264139,"Yellow", , ,2563,8,214,783.16,0.68,12.56,59,0,0,50,50,50,2504,8,214,700.92051312134,1.5706491573583,38.814135863847,39158,34,628,54740168,144,81708
"Image 12_SIM_P1-2.czi",14,15,37235.295515692,38,212.34210526316,47.657894736842,61,31.302974264139,31.302974264139,"Fuchsia", , ,40,3110,1056,11.657894736842,1846.3157894737,226.63157894737,0,848,0,38,38,38,40,2262,1056,12.403740315988,683.7399183609,298.25922165147,443,70160,8612,10857,146835026,5243218
"Image 12_SIM_P1-2.czi",14,16,25476.781142316,26,240.30769230769,142.30769230769,61,31.302974264139,31.302974264139,"Fuchsia", , ,94,3499,10489,68.576923076923,1486.0384615385,7879.6923076923,32,428,5723,26,26,26,62,3071,4766,19.376631444961,875.13237767868,1479.0046320206,1783,38637,204872,131659,76562485,1669014690
"Image 12_SIM_P1-2.czi",1,2,41350775.546374,42200,135.83331753555,117.95722748815,62,31.302974264139,31.302974264139,"Orange",9,1, , , , , , , , , , , , , , , , , , , , , , , , 
"Image 12_SIM_P1-2.czi",3,4,31356.038329004,32,167.28125,15.875,62,31.302974264139,31.302974264139,"Yellow", , ,879,38,65,429.9375,5.46875,3.9375,107,0,0,32,32,32,772,38,65,208.80241277496,10.235877367567,12.651501249692,13758,175,126,7266632,4205,5458
"Image 12_SIM_P1-2.czi",3,5,73490.714833603,75,150.98,64.193333333333,62,31.302974264139,31.302974264139,"Yellow", , ,1491,335,15086,495.50666666667,24.746666666667,8557.32,71,0,6361,75,75,75,1420,335,8725,379.58755616168,61.102062010885,2222.9657762013,37163,1856,641799,29076931,322206,5857756105
"Image 12_SIM_P1-2.czi",3,6,26456.657340097,27,97.055555555556,72.277777777778,62,31.302974264139,31.302974264139,"Yellow", , ,815,10,1167,418.55555555556,2.037037037037,859.85185185185,125,0,522,27,27,27,690,10,645,201.98406893259,3.1314960971184,184.05302407055,11301,55,23216,5790833,367,20843084
"Image 12_SIM_P1-2.czi",3,7,42134.676504599,43,56.779069767442,76.03488372093,62,31.302974264139,31.302974264139,"Yellow", , ,1589,904,15808,533.95348837209,130.18604651163,11216.302325581,51,1,7188,43,43,43,1538,903,8620,439.56775053337,180.53890964527,2372.6170454834,22960,5598,482301,20374804,2097742,5646064917
"Image 12_SIM_P1-2.czi",3,8,65651.705251352,67,82.84328358209,78.858208955224,62,31.302974264139,31.302974264139,"Yellow", , ,1153,233,7204,419.23880597015,18.402985074627,4743.1791044776,54,0,2286,67,67,67,1099,233,4918,313.15554705785,44.974086714494,1549.9292156406,28089,1233,317793,18248381,156187,1665899635
"Image 12_SIM_P1-2.czi",3,9,27436.533537878,28,19.178571428571,96.5,62,31.302974264139,31.302974264139,"Yellow", , ,873,14,8600,413.60714285714,2.1428571428571,3547.4642857143,138,0,604,28,28,28,735,14,7996,209.18029425031,3.9130767066554,2291.9640208239,11581,60,99329,5971407,542,494199755
"Image 12_SIM_P1-2.czi",3,10,21557.27635119,22,19.590909090909,168.54545454546,62,31.302974264139,31.302974264139,"Yellow", , ,621,33,421,361,7.0454545454546,38.636363636364,105,0,0,22,22,22,516,33,421,138.86169892584,8.5550167555833,98.643922147405,7942,155,850,3271996,2629,237184
"Image 12_SIM_P1-2.czi",3,11,46054.181295724,47,233.37234042553,200.5,62,31.302974264139,31.302974264139,"Yellow", , ,1452,524,10521,490.31914893617,154.65957446809,3581.9574468085,73,5,133,47,47,47,1379,519,10388,370.56972038852,149.30291307268,3013.1022216563,23045,7269,168352,17616213,2149623,1020653810
"Image 12_SIM_P1-2.czi",3,12,50953.562284631,52,214.5,224.09615384615,62,31.302974264139,31.302974264139,"Yellow", , ,2115,9,251,618.26923076923,1.0961538461539,14.192307692308,46,0,0,52,52,52,2069,9,251,574.55087712686,2.1985700824035,47.39654925039,32150,57,738,36712900,309,125042
"Image 12_SIM_P1-2.czi",13,14,39195.047911255,40,211.8,47.3,62,31.302974264139,31.302974264139,"Fuchsia", , ,40,3081,999,14.225,1814.275,219.65,1,565,0,40,40,40,39,2516,999,13.259708586348,727.58550427124,278.54581632987,569,72571,8786,14951,152309597,4955768
"Image 12_SIM_P1-2.czi",1,2,41424266.261207,42275,135.78165582496,118.16646954465,63,31.302974264139,31.302974264139,"Orange",8,3, , , , , , , , , , , , , , , , , , , , , , , , 
"Image 12_SIM_P1-2.czi",3,4,41154.800306818,42,167.30952380952,15.571428571429,63,31.302974264139,31.302974264139,"Yellow", , ,1097,9,88,438.92857142857,1.0952380952381,5.7619047619048,114,0,0,42,42,42,983,9,88,273.64071092577,2.345826847929,17.268058096663,18435,46,242,11161697,276,13620
"Image 12_SIM_P1-2.czi",3,5,74470.591031384,76,151.02631578947,64.236842105263,63,31.302974264139,31.302974264139,"Yellow", , ,1801,362,14999,568.31578947368,26.868421052632,8672.6052631579,74,0,6307,76,76,76,1727,362,8692,457.23972444882,66.017642511733,2219.0650107884,43192,2042,659118,40226808,381740,6085588950
"Image 12_SIM_P1-2.czi",3,6,23517.028746753,24,30.416666666667,72.583333333333,63,31.302974264139,31.302974264139,"Yellow", , ,671,1,256,380,0.041666666666667,24.708333333333,180,0,0,24,24,24,491,1,256,149.52882519841,0.20412414523193,58.617758970014,9120,1,593,3979854,1,93681
"Image 12_SIM_P1-2.czi",3,7,20577.400153409,21,96.928571428571,71.928571428571,63,31.302974264139,31.302974264139,"Yellow", , ,813,12,1275,486.2380952381,2.9047619047619,913.90476190476,140,0,593,21,21,21,673,12,682,185.39576714745,3.9737232151317,176.76535428695,10211,61,19192,5652409,493,18164580
"Image 12_SIM_P1-2.czi",3,8,49973.68608685,51,56.813725490196,76.343137254902,63,31.302974264139,31.302974264139,"Yellow", , ,1744,753,15359,500.13725490196,112.90196078431,10408.078431373,42,0,6862,51,51,51,1702,753,8497,483.34066742238,157.02983855331,2267.7269839479,25507,5758,530812,24437911,1883008,5781862212
"Image 12_SIM_P1-2.czi",3,9,71530.96243804,73,82.527397260274,78.719178082192,63,31.302974264139,31.302974264139,"Yellow", , ,1447,192,7195,459.41095890411,19.506849315069,4704.0273972603,52,0,2235,73,73,73,1395,192,4960,380.18299086743,40.899308364049,1575.8289791285,33537,1424,343394,25814081,148216,1794127846
"Image 12_SIM_P1-2.czi",3,10,48013.933691287,49,233.37755102041,200.80612244898,63,31.302974264139,31.302974264139,"Yellow", , ,1396,353,10624,470.9387755102,105.87755102041,3659.0612244898,86,4,165,49,49,49,1310,349,10459,346.2015554656,97.676044626498,3011.0413924433,23076,5188,179294,16620448,1007242,1091233496
"Image 12_SIM_P1-2.czi",3,11,40174.924109036,41,213.96341463415,224.37804878049,63,31.302974264139,31.302974264139,"Yellow", , ,1451,8,136,519.09756097561,1.4634146341463,7.5609756097561,51,0,0,41,41,41,1400,8,136,390.91225389325,2.0012191406192,25.14860709909,21283,60,310,17160449,248,27642
"Image 12_SIM_P1-2.czi",12,13,21557.27635119,22,134.40909090909,39.409090909091,63,31.302974264139,31.302974264139,"Fuchsia", , ,193,2226,11721,80.954545454546,1315.2272727273,10274.909090909,15,790,8151,22,22,22,178,1436,3570,54.33798747761,454.74104947533,1111.0759225308,1781,28935,226048,206185,42398679,2348546934
"Image 12_SIM_P1-2.czi",12,14,33315.790724567,34,211.5,47,63,31.302974264139,31.302974264139,"Fuchsia", , ,41,3030,815,16.705882352941,1791.3823529412,165.11764705882,2,743,0,34,34,34,39,2287,815,13.104543305986,657.10572991354,223.88156564738,568,60907,5614,15156,123356727,2581028
"Image 12_SIM_P1-2.czi",12,15,21557.27635119,22,172.59090909091,209.40909090909,63,31.302974264139,31.302974264139,"Fuchsia", , ,31,2524,10313,10.5,1318.5454545455,7896.4545454546,1,640,4758,22,22,22,30,1884,5555,8.8519570071902,562.8403924376,1695.5465119029,231,29008,173722,4071,44900942,1432160314
"Image 12_SIM_P1-2.czi",1,2,41478159.452085,42330,135.4673990078,118.33567210017,64,31.302974264139,31.302974264139,"Orange",11,4, , , , , , , , , , , , , , , , , , , , , , , , 
"Image 12_SIM_P1-2.czi",3,4,45074.305097943,46,167.5652173913,15.565217391304,64,31.302974264139,31.302974264139,"Yellow", , ,1197,2,81,434.26086956522,0.23913043478261,5.1521739130435,47,0,0,46,46,46,1150,2,81,306.92948410435,0.56508731316283,15.55630260456,19976,11,237,12914052,17,12111
"Image 12_SIM_P1-2.czi",3,5,31356.038329004,32,187.03125,28.15625,64,31.302974264139,31.302974264139,"Yellow", , ,749,331,313,329.0625,101.53125,42.75,96,4,0,32,32,32,653,327,313,187.80754347762,97.82043601218,78.215582970114,10530,3249,1368,4558450,626509,248130
"Image 12_SIM_P1-2.czi",3,6,87208.981602542,89,151.09550561798,64.061797752809,64,31.302974264139,31.302974264139,"Yellow", , ,2235,281,14856,597.66292134832,26.348314606742,8640.9325842697,38,0,6102,89,89,89,2197,281,8754,557.44176099841,60.967223147061,2069.6045395072,53192,2345,769043,59136122,388883,7022175857
"Image 12_SIM_P1-2.czi",3,7,27436.533537878,28,30.178571428571,72.5,64,31.302974264139,31.302974264139,"Yellow", , ,723,1,360,373.21428571429,0.071428571428571,32.642857142857,113,0,0,28,28,28,610,1,360,173.92236606598,0.26226526415648,78.546619459856,10450,2,914,4716812,2,196414
"Image 12_SIM_P1-2.czi",3,8,44094.428900162,45,56.922222222222,75.944444444444,64,31.302974264139,31.302974264139,"Yellow", , ,1672,454,14441,526.26666666667,83.022222222222,9942.3111111111,50,0,6557,45,45,45,1622,454,7884,471.02168450373,109.46325429296,2120.1909736263,23682,3736,447404,22224950,837388,4646018990
"Image 12_SIM_P1-2.czi",3,9,70551.086240259,72,83.166666666667,78.819444444444,64,31.302974264139,31.302974264139,"Yellow", , ,1715,161,6735,513.04166666667,14.861111111111,4243.6527777778,45,0,2226,72,72,72,1670,161,4509,447.68108107459,35.24454030461,1481.8727603066,36939,1070,305543,33180949,104096,1452530629
"Image 12_SIM_P1-2.czi",3,10,18617.647757846,19,131.07894736842,182.6052631579,64,31.302974264139,31.302974264139,"Yellow", , ,663,25,559,405.15789473684,9.9473684210526,387.52631578947,210,2,323,19,19,19,453,23,236,137.31159340788,6.0043843630257,57.654496231192,7698,189,7363,3458286,2529,2913189
"Image 12_SIM_P1-2.czi",3,11,24496.904944534,25,151.5,183.5,64,31.302974264139,31.302974264139,"Yellow", , ,732,609,5178,401.68,206.92,3628.8,103,2,2422,25,25,25,629,607,2756,165.64588736217,187.83989636567,703.91784558522,10042,5173,90720,4692196,1917209,341096744
"Image 12_SIM_P1-2.czi",3,12,17637.771560065,18,175.5,197,64,31.302974264139,31.302974264139,"Yellow", , ,496,20,11928,335.61111111111,3.1111111111111,10882.055555556,162,0,9823,18,18,18,334,20,2105,102.71670858347,5.5401092459911,606.63444484566,6041,56,195877,2206789,696,2137800487
"Image 12_SIM_P1-2.czi",3,13,43114.55270238,44,233.38636363636,201.04545454546,64,31.302974264139,31.302974264139,"Yellow", , ,1145,200,10652,436.43181818182,67.863636363636,3693.3181818182,113,3,359,44,44,44,1032,197,10293,275.64591355892,55.238001289595,2944.1666864839,19203,2986,162506,11647969,333844,972915416
"Image 12_SIM_P1-2.czi",3,14,19597.523955627,20,214.5,225,64,31.302974264139,31.302974264139,"Yellow", , ,816,5,0,474.9,2.3,0,216,0,0,20,20,20,600,5,0,175.98561544088,1.6889735281962,0,9498,46,0,5099048,160,0
"Image 12_SIM_P1-2.czi",15,16,19597.523955627,20,83.7,27,64,31.302974264139,31.302974264139,"Fuchsia", , ,5,2248,6960,0.75,1402.65,2471.3,0,736,275,20,20,20,5,1512,6685,1.2926920095595,480.24930751478,1945.3017381968,15,28053,49426,43,43730689,194046252
"Image 12_SIM_P1-2.czi",15,17,28416.40973566,29,134.39655172414,39.362068965517,64,31.302974264139,31.302974264139,"Fuchsia", , ,126,3019,12424,52.551724137931,1434.1379310345,10978.275862069,7,525,8288,29,29,29,119,2494,4136,36.703042114961,724.34170725356,1275.1290942083,1524,41590,318370,117808,74336582,3540680404
"Image 12_SIM_P1-2.czi",15,18,21557.27635119,22,210.81818181818,46.454545454546,64,31.302974264139,31.302974264139,"Fuchsia", , ,46,2707,635,24.636363636364,1743.8636363636,132.63636363636,8,947,0,22,22,22,38,1760,635,11.278067440604,528.17252731917,187.54898927113,542,38365,2918,16024,72761619,1125700
"Image 12_SIM_P1-2.czi",15,19,22537.152548972,23,172.67391304348,209.5,64,31.302974264139,31.302974264139,"Fuchsia", , ,28,2966,8901,10.347826086957,1499.347826087,6900,2,678,4160,23,23,23,26,2288,4741,7.589518463897,687.43413626296,1431.0732145682,238,34485,158700,3730,62101455,1140085352
"Image 12_SIM_P1-2.czi",1,2,41455622.299536,42307,135.39892925521,118.66749001347,65,31.302974264139,31.302974264139,"Orange",10,3, , , , , , , , , , , , , , , , , , , , , , , , 
"Image 12_SIM_P1-2.czi",3,4,37235.295515692,38,167.1052631579,15.5,65,31.302974264139,31.302974264139,"Yellow", , ,1113,0,73,454.21052631579,0,5.9473684210526,82,0,0,38,38,38,1031,0,73,282.72765597615,0,15.729035585667,17260,0,226,10797266,0,10498
"Image 12_SIM_P1-2.czi",3,5,39195.047911255,40,187.45,28.425,65,31.302974264139,31.302974264139,"Yellow", , ,961,294,374,352.9,93.55,45.375,80,6,0,40,40,40,881,288,374,247.44839399824,91.459939387803,90.902226285112,14116,3742,1815,7369534,676296,404621
"Image 12_SIM_P1-2.czi",3,6,91128.486393667,93,151.29569892473,63.887096774194,65,31.302974264139,31.302974264139,"Yellow", , ,2797,159,14657,695.77419354839,18,8761.0430107527,36,0,6013,93,93,93,2761,159,8644,690.01504597698,36.290195106524,1949.7570579656,64707,1674,814777,88824571,151294,7488039179
"Image 12_SIM_P1-2.czi",3,7,30376.162131222,31,29.951612903226,72.91935483871,65,31.302974264139,31.302974264139,"Yellow", , ,711,1,489,356.03225806452,0.064516129032258,53.483870967742,134,0,0,31,31,31,577,1,489,172.19397664087,0.24973103811471,108.43949802163,11037,2,1658,4819051,2,441450
"Image 12_SIM_P1-2.czi",3,8,35275.543120129,36,57,76,65,31.302974264139,31.302974264139,"Yellow", , ,1341,334,12684,506.55555555556,60.972222222222,9347.5,62,0,6581,36,36,36,1279,334,6103,375.73116867131,85.76895412714,1590.7686821157,18236,2195,336510,14178634,391305,3234096300
"Image 12_SIM_P1-2.czi",3,9,67611.457646914,69,83.557971014493,78.934782608696,65,31.302974264139,31.302974264139,"Yellow", , ,1817,95,6451,543.01449275362,9.1159420289855,3934.0579710145,49,0,2054,69,69,69,1768,95,4397,477.35230215754,20.168070449194,1365.7080030267,37468,629,271450,35840502,33393,1194730804
"Image 12_SIM_P1-2.czi",3,10,22537.152548972,23,140.5,94.5,65,31.302974264139,31.302974264139,"Yellow", , ,626,0,10708,371.91304347826,0,9433.8695652174,185,0,8224,23,23,23,441,0,2484,132.25282710279,0,669.21645529053,8554,0,216979,3566142,0,2056804299
"Image 12_SIM_P1-2.czi",3,11,25476.781142316,26,113.38461538462,166,65,31.302974264139,31.302974264139,"Yellow", , ,668,143,10406,352.11538461539,22.923076923077,8908.9615384615,118,0,7331,26,26,26,550,143,3075,157.01294900054,37.231087093367,781.51910946665,9155,596,231633,3839943,48316,2078878791
"Image 12_SIM_P1-2.czi",3,12,21557.27635119,22,151.59090909091,183.72727272727,65,31.302974264139,31.302974264139,"Yellow", , ,790,452,5002,451.18181818182,165.27272727273,3700,149,5,2917,22,22,22,641,447,2085,174.22881407414,146.14643074937,591.93733580828,9926,3636,81400,5115900,1049466,308538186
"Image 12_SIM_P1-2.czi",3,13,23517.028746753,24,233.58333333333,200.58333333333,65,31.302974264139,31.302974264139,"Yellow", , ,781,102,8476,423.83333333333,44.625,3585.7916666667,147,4,585,24,24,24,634,98,7891,175.98361254406,26.389741913495,2274.8685385652,10172,1071,86059,5023548,63811,427615263
"Image 12_SIM_P1-2.czi",14,15,27436.533537878,28,83.821428571429,27.178571428571,65,31.302974264139,31.302974264139,"Fuchsia", , ,3,2742,10038,0.60714285714286,1365.5357142857,2968.7857142857,0,520,204,28,28,28,3,2222,9834,0.91648627373632,658.75699347713,2545.5956205753,17,38235,83126,33,63928199,421744822
"Image 12_SIM_P1-2.czi",14,16,32335.914526785,33,134.59090909091,39.19696969697,65,31.302974264139,31.302974264139,"Fuchsia", , ,65,3520,13048,29.030303030303,1472.2121212121,11850.242424242,4,457,9075,33,33,33,61,3063,3973,18.992572312099,882.6523861909,1190.410171703,958,48583,391058,39354,96454889,4679478546
"Image 12_SIM_P1-2.czi",14,17,28416.40973566,29,172.91379310345,209.77586206897,65,31.302974264139,31.302974264139,"Fuchsia", , ,26,3209,8683,11.068965517241,1428.3793103448,6052.5862068966,3,471,2709,29,29,29,23,2738,5974,6.7714264929015,824.53668435211,1580.9551253513,321,41423,175525,4837,78203857,1132363929
"Image 12_SIM_P1-2.czi",1,2,41467380.81391,42319,135.13810581536,118.89469269123,66,31.302974264139,31.302974264139,"Orange",12,3, , , , , , , , , , , , , , , , , , , , , , , , 
"Image 12_SIM_P1-2.czi",3,4,26456.657340097,27,167.90740740741,15.425925925926,66,31.302974264139,31.302974264139,"Yellow", , ,860,4,10,432.11111111111,0.44444444444444,0.48148148148148,126,0,0,27,27,27,734,4,10,207.58711486123,0.97402153401141,1.9487741782261,11667,12,13,6161843,30,105
"Image 12_SIM_P1-2.czi",3,5,33315.790724567,34,187,28,66,31.302974264139,31.302974264139,"Yellow", , ,1151,329,149,458.20588235294,93.117647058824,15.911764705882,49,9,0,34,34,34,1102,320,149,299.80173038211,81.641034210887,35.405330575424,15579,3166,541,10104465,514764,49975
"Image 12_SIM_P1-2.czi",3,6,32335.914526785,33,104.22727272727,42.954545454546,66,31.302974264139,31.302974264139,"Yellow", , ,540,0,8408,346.42424242424,0,6172.2727272727,138,0,4736,33,33,33,402,0,3672,106.47917352205,0,1019.8227870789,11432,0,203685,4323132,0,1290480603
"Image 12_SIM_P1-2.czi",3,7,26456.657340097,27,117.42592592593,57.092592592593,66,31.302974264139,31.302974264139,"Yellow", , ,732,1,1266,388.37037037037,0.2962962962963,993.66666666667,161,0,864,27,27,27,571,1,402,166.23249431216,0.46532162696808,106.94319124585,10486,8,26829,4790916,8,26956441
"Image 12_SIM_P1-2.czi",3,8,101907.12456926,104,151.28846153846,63.730769230769,66,31.302974264139,31.302974264139,"Yellow", , ,3410,68,14074,745.32692307692,8.8846153846154,8767.7115384615,23,0,6002,104,104,104,3387,68,8072,825.43571832903,15.8526636715,1777.3156189,77514,924,911842,127951716,34094,8320129258
"Image 12_SIM_P1-2.czi",3,9,26456.657340097,27,29.685185185185,72.907407407407,66,31.302974264139,31.302974264139,"Yellow", , ,646,1,623,351.40740740741,0.037037037037037,62.814814814815,164,0,0,27,27,27,482,1,623,151.29600616501,0.19245008972988,141.26163315936,9488,1,1696,3929306,1,625360
"Image 12_SIM_P1-2.czi",3,10,33315.790724567,34,57,76,66,31.302974264139,31.302974264139,"Yellow", , ,874,191,12100,349.41176470588,33.558823529412,8965.2058823529,48,0,6318,34,34,34,826,191,5782,241.36268668554,47.656085608699,1519.5077707662,11880,1141,304817,6073458,113237,2808940989
"Image 12_SIM_P1-2.czi",3,11,69571.210042477,71,83.80985915493,78.880281690141,66,31.302974264139,31.302974264139,"Yellow", , ,1655,112,5998,482.02816901408,9.5070422535211,3717.2816901409,41,0,2149,71,71,71,1614,112,3849,438.07990046928,22.970088151729,1233.8349065657,34224,675,263927,29930912,43351,1087655405
"Image 12_SIM_P1-2.czi",3,12,30376.162131222,31,140.20967741936,94.790322580645,66,31.302974264139,31.302974264139,"Yellow", , ,756,0,10500,369.70967741936,0,9135.2903225807,139,0,7405,31,31,31,617,0,3095,175.07544917328,0,825.62393350114,11461,0,283194,5156785,0,2607509054
"Image 12_SIM_P1-2.czi",3,13,34295.666922348,35,113.18571428571,166.75714285714,66,31.302974264139,31.302974264139,"Yellow", , ,886,301,9159,392.65714285714,50.914285714286,7557.6285714286,119,0,5463,35,35,35,767,301,3696,213.50229959598,77.160402611005,950.35312587772,13743,1782,264517,6946117,293156,2029829053
"Image 12_SIM_P1-2.czi",3,14,31356.038329004,32,151.84375,183.96875,66,31.302974264139,31.302974264139,"Yellow", , ,735,378,5495,345.46875,132.15625,3847.03125,105,2,2607,32,32,32,630,376,2888,180.2381908574,124.12249656378,748.16017279272,11055,4229,123105,4826217,1036487,490940835
"Image 12_SIM_P1-2.czi",3,15,17637.771560065,18,176,196.5,66,31.302974264139,31.302974264139,"Yellow", , ,498,22,11337,336.11111111111,6.3888888888889,9542.8888888889,175,1,7707,18,18,18,323,21,3630,108.09847846178,7.6168457952936,1012.6267466864,6050,115,171772,2232122,1721,1656633130
"Image 12_SIM_P1-2.czi",16,17,27436.533537878,28,83.821428571429,27.178571428571,66,31.302974264139,31.302974264139,"Fuchsia", , ,3,3007,9697,0.32142857142857,1446.4642857143,2885.75,0,495,199,28,28,28,3,2512,9498,0.72283246501992,725.41403156802,2463.3966557039,9,40501,80801,17,72791339,397016209
"Image 12_SIM_P1-2.czi",16,18,27436.533537878,28,134.82142857143,39.5,66,31.302974264139,31.302974264139,"Fuchsia", , ,30,3311,13632,14.035714285714,1506.6071428571,12587.785714286,2,467,9854,28,28,28,28,2844,3778,8.5222242917156,811.56147341546,1048.4370504123,393,42185,352458,7477,81339287,4466344724
"Image 12_SIM_P1-2.czi",16,19,27436.533537878,28,172.85714285714,210.03571428571,66,31.302974264139,31.302974264139,"Fuchsia", , ,34,3141,7583,11.821428571429,1464.3214285714,5152.5357142857,4,488,2413,28,28,28,30,2653,5170,7.7796199632429,842.04469194189,1457.8401193176,331,41001,144271,5547,79182703,800744521
"Image 12_SIM_P1-2.czi",1,2,41434065.023185,42285,134.81696819203,119.13712900556,67,31.302974264139,31.302974264139,"Orange",11,5, , , , , , , , , , , , , , , , , , , , , , , , 
"Image 12_SIM_P1-2.czi",3,4,18617.647757846,19,106.92105263158,11.394736842105,67,31.302974264139,31.302974264139,"Yellow", , ,557,951,128,389.73684210526,230.89473684211,14.421052631579,198,12,0,19,19,19,359,939,128,99.808618034307,258.33868698471,34.403352209848,7405,4387,274,3065313,2214235,25256
"Image 12_SIM_P1-2.czi",3,5,45074.305097943,46,187.4347826087,28.434782608696,67,31.302974264139,31.302974264139,"Yellow", , ,1257,432,244,388.86956521739,77.760869565217,26.739130434783,47,8,0,46,46,46,1210,424,244,329.40603844534,96.09305323085,56.447983836689,17888,3577,1230,11838974,693675,176276
"Image 12_SIM_P1-2.czi",3,6,27436.533537878,28,104.5,42.821428571429,67,31.302974264139,31.302974264139,"Yellow", , ,695,0,7907,459.07142857143,0,6099.6785714286,182,0,4960,28,28,28,513,0,2947,136.36957642987,0,770.85383413322,12854,0,170791,6403014,0,1057814025
"Image 12_SIM_P1-2.czi",3,7,27436.533537878,28,117.5,57.178571428571,67,31.302974264139,31.302974264139,"Yellow", , ,827,2,1388,417.28571428571,0.39285714285714,1072.8928571429,87,0,950,28,28,28,740,2,438,197.9563844859,0.56694670951384,101.8613215896,11684,11,30041,5933608,13,32510919
"Image 12_SIM_P1-2.czi",3,8,104846.75316261,107,151.51869158879,63.714953271028,67,31.302974264139,31.302974264139,"Yellow", , ,3877,23,14130,811.02803738318,3.5233644859813,9063.5981308411,22,0,6075,107,107,107,3855,23,8055,931.15014554373,5.7925550695545,1763.6126134118,86780,377,969805,162287316,4885,9119617707
"Image 12_SIM_P1-2.czi",3,9,55852.943273538,57,83.938596491228,78.833333333333,67,31.302974264139,31.302974264139,"Yellow", , ,1270,61,5529,448.24561403509,4.7894736842105,3547.4912280702,73,0,2292,57,57,57,1197,61,3237,340.81112703487,12.023395114326,1002.1770431488,25550,273,202207,17957200,9403,773571653
"Image 12_SIM_P1-2.czi",3,10,23517.028746753,24,213.41666666667,81.416666666667,67,31.302974264139,31.302974264139,"Yellow", , ,627,12,7560,410.29166666667,2.0833333333333,6071.7916666667,203,0,4992,24,24,24,424,12,2568,116.75112108825,3.3740269665512,786.69600665318,9847,50,145723,4353651,366,899034181
"Image 12_SIM_P1-2.czi",3,11,27436.533537878,28,140.5,94.821428571429,67,31.302974264139,31.302974264139,"Yellow", , ,894,0,10323,447.60714285714,0,9183.6071428571,173,0,8021,28,28,28,721,0,2302,204.07575559376,0,657.09835439947,12533,0,257141,6734327,0,2373139937
"Image 12_SIM_P1-2.czi",3,12,18617.647757846,19,26.921052631579,107.39473684211,67,31.302974264139,31.302974264139,"Yellow", , ,657,3,17594,456.73684210526,0.47368421052632,16784.421052632,258,0,14981,19,19,19,399,3,2613,117.72842671225,0.96427411113413,836.87668783595,8678,9,318904,4213042,21,5365225538
"Image 12_SIM_P1-2.czi",3,13,35275.543120129,36,113.19444444444,166.63888888889,67,31.302974264139,31.302974264139,"Yellow", , ,1081,266,8196,458.52777777778,43.805555555556,6692.25,109,0,4697,36,36,36,972,266,3499,265.13764469596,67.847231523452,942.84661303644,16507,1577,240921,10029347,230195,1643417153
"Image 12_SIM_P1-2.czi",3,14,26456.657340097,27,228.09259259259,171.42592592593,67,31.302974264139,31.302974264139,"Yellow", , ,625,569,16102,362.92592592593,82.555555555556,12874.666666667,176,0,10691,27,27,27,449,569,5411,136.7622659176,141.02600233054,1588.0952548451,9799,2229,347616,4042613,701113,4541013338
"Image 12_SIM_P1-2.czi",15,16,25476.781142316,26,83.807692307692,27.730769230769,67,31.302974264139,31.302974264139,"Fuchsia", , ,3,2915,10468,0.34615384615385,1464.4230769231,3553.0769230769,0,535,382,26,26,26,3,2380,10086,0.79711016514947,675.8324746904,2877.6066016477,9,38075,92380,19,67176647,535248740
"Image 12_SIM_P1-2.czi",15,17,19597.523955627,20,134.6,39.45,67,31.302974264139,31.302974264139,"Fuchsia", , ,12,2378,14134,5.5,1306.7,13262.6,1,642,11450,20,20,20,11,1736,2684,3.5762373640756,523.60532545239,812.14611078497,110,26134,265252,848,39358386,3530463220
"Image 12_SIM_P1-2.czi",15,18,23517.028746753,24,129.16666666667,87.833333333333,67,31.302974264139,31.302974264139,"Fuchsia", , ,0,2727,9849,0,1648.4583333333,9236.4166666667,0,748,8457,24,24,24,0,1979,1392,0,585.13766341343,355.93525506348,0,39563,221674,0,73092837,2050387296
"Image 12_SIM_P1-2.czi",15,19,17637.771560065,18,167.88888888889,98.722222222222,67,31.302974264139,31.302974264139,"Fuchsia", , ,20,2013,7544,4.2222222222222,1456.6666666667,6029.0555555556,0,826,4659,18,18,18,20,1187,2885,6.3111065083294,356.43166162922,842.23655138965,76,26220,108523,998,40353540,666350357
"Image 12_SIM_P1-2.czi",15,20,23517.028746753,24,173,210,67,31.302974264139,31.302974264139,"Fuchsia", , ,30,2714,6666,11.541666666667,1436.5416666667,4672.375,5,621,2861,24,24,24,25,2093,3805,7.3660748008023,701.89612629039,1077.538410997,277,34477,112137,4445,60858785,550651163
"Image 12_SIM_P1-2.czi",1,2,41257687.307585,42105,134.71090131813,119.4558722242,68,31.302974264139,31.302974264139,"Orange",12,3, , , , , , , , , , , , , , , , , , , , , , , , 
"Image 12_SIM_P1-2.czi",3,4,19597.523955627,20,107,11.5,68,31.302974264139,31.302974264139,"Yellow", , ,579,598,209,392.5,122.85,25.4,208,5,0,20,20,20,371,593,209,106.10893111872,155.81712459094,55.560682804338,7850,2457,508,3295048,763143,71556
"Image 12_SIM_P1-2.czi",3,5,36255.419317911,37,187.04054054054,28.418918918919,68,31.302974264139,31.302974264139,"Yellow", , ,1215,297,126,437.48648648649,47.72972972973,15.486486486487,84,9,0,37,37,37,1131,288,126,318.55050372496,59.031841054284,32.997997937267,16187,1766,573,10734673,209742,48073
"Image 12_SIM_P1-2.czi",3,6,46054.181295724,47,104.5,42.5,68,31.302974264139,31.302974264139,"Yellow", , ,902,0,8801,433.17021276596,0,6500.7234042553,108,0,5204,47,47,47,794,0,3597,217.40078388213,0,901.02033230274,20359,0,305534,10993015,0,2023536556
"Image 12_SIM_P1-2.czi",3,7,32335.914526785,33,117.77272727273,56.954545454546,68,31.302974264139,31.302974264139,"Yellow", , ,801,4,1724,362.57575757576,0.57575757575758,1188.696969697,86,0,1018,33,33,33,715,4,706,201.39172498874,0.90243777591252,157.33612205412,11965,19,39227,5636095,37,47421165
"Image 12_SIM_P1-2.czi",3,8,112685.76274486,115,151.76956521739,63.569565217391,68,31.302974264139,31.302974264139,"Yellow", , ,3985,7,13917,773.98260869565,1.1739130434783,9254.4,21,0,6230,115,115,115,3964,7,7687,923.34722881376,1.9746679470595,1682.2271984986,89008,135,1064256,166083636,603,10171657998
"Image 12_SIM_P1-2.czi",3,9,22537.152548972,23,84.326086956522,78.5,68,31.302974264139,31.302974264139,"Yellow", , ,811,5,4576,501.13043478261,0.39130434782609,3371.2608695652,205,0,2593,23,23,23,606,5,1983,186.1302829027,1.1175919907137,595.65984934901,11526,9,77539,6538208,31,269210031
"Image 12_SIM_P1-2.czi",3,10,30376.162131222,31,213.40322580645,81.5,68,31.302974264139,31.302974264139,"Yellow", , ,752,43,8116,437.67741935484,6.5161290322581,6013.7419354839,148,0,4283,31,31,31,604,43,3833,152.51128637946,10.547893842665,1116.1341606259,13568,202,186426,6636198,4654,1158490518
"Image 12_SIM_P1-2.czi",3,11,30376.162131222,31,140.5,94.5,68,31.302974264139,31.302974264139,"Yellow", , ,1006,0,10179,461.1935483871,0,9061.6129032258,168,0,7914,31,31,31,838,0,2265,240.15542458373,0,628.04966244289,14297,0,280910,8323923,0,2557331072
"Image 12_SIM_P1-2.czi",3,12,37235.295515692,38,27,107.5,68,31.302974264139,31.302974264139,"Yellow", , ,833,3,17721,403.34210526316,0.28947368421053,16451.157894737,127,0,13335,38,38,38,706,3,4386,204.47272682945,0.7318209327883,1228.3860104266,15327,11,625144,7728961,23,10340173142
"Image 12_SIM_P1-2.czi",3,13,40174.924109036,41,113.30487804878,166.64634146342,68,31.302974264139,31.302974264139,"Yellow", , ,1213,189,7493,461.78048780488,31.146341463415,5940.8536585366,67,0,3914,41,41,41,1146,189,3579,303.23460490148,46.299870936974,946.20662545175,18933,1277,243575,12420939,125521,1482855709
"Image 12_SIM_P1-2.czi",3,14,27436.533537878,28,228.17857142857,171.5,68,31.302974264139,31.302974264139,"Yellow", , ,681,378,16063,373,52.071428571429,13159.75,116,1,10939,28,28,28,565,377,5124,153.09740303093,92.933241101273,1525.3855280746,10444,1458,368473,4528460,309108,4911836189
"Image 12_SIM_P1-2.czi",3,15,15678.019164502,16,232.5,208,68,31.302974264139,31.302974264139,"Yellow", , ,505,0,2770,311.125,0,778,160,0,17,16,16,16,345,0,2753,109.7669500958,0,794.43590049796,4978,0,12448,1729512,0,19151470
"Image 12_SIM_P1-2.czi",16,17,23517.028746753,24,83.625,27.833333333333,68,31.302974264139,31.302974264139,"Fuchsia", , ,2,2451,9996,0.25,1327.6666666667,3404.7916666667,0,665,372,24,24,24,2,1786,9624,0.60791875887433,550.75826518235,2799.4780566193,6,31864,81715,10,49281468,458475331
"Image 12_SIM_P1-2.czi",16,18,34295.666922348,35,129.41428571429,87.957142857143,68,31.302974264139,31.302974264139,"Fuchsia", , ,0,3884,9658,0,1865.6857142857,8666.4857142857,0,604,7339,35,35,35,0,3280,2319,0,956.4728024616,499.0825330443,0,65299,303327,0,152931979,2637247947
"Image 12_SIM_P1-2.czi",16,19,29396.285933441,30,168.13333333333,98.866666666667,68,31.302974264139,31.302974264139,"Fuchsia", , ,65,2699,7443,9.5,1422.1333333333,5557.0333333333,0,537,3756,30,30,30,65,2162,3687,18.199564223658,629.82344178039,1092.7607077342,285,42664,166711,12313,72177546,961048237
"Image 12_SIM_P1-2.czi",1,2,41111685.754115,41956,134.35370388026,119.66228906473,69,31.302974264139,31.302974264139,"Orange",10,2, , , , , , , , , , , , , , , , , , , , , , , , 
"Image 12_SIM_P1-2.czi",3,4,36255.419317911,37,187.41891891892,28.310810810811,69,31.302974264139,31.302974264139,"Yellow", , ,1016,164,77,368.13513513514,25.594594594595,5.1081081081081,54,5,0,37,37,37,962,159,77,262.58058680063,31.443476146765,14.929061486807,13621,947,189,7496517,59831,8989
"Image 12_SIM_P1-2.czi",3,5,49973.68608685,51,104.1862745098,42.460784313726,69,31.302974264139,31.302974264139,"Yellow", , ,1128,0,8633,478.74509803922,0,6722.9411764706,112,0,5419,51,51,51,1016,0,3214,280.02320211991,0,857.61913252363,24416,0,342870,15609690,0,2341870370
"Image 12_SIM_P1-2.czi",3,6,112685.76274486,115,152.5347826087,63.160869565217,69,31.302974264139,31.302974264139,"Yellow", , ,3497,3,13354,702.49565217391,0.30434782608696,9568.2956521739,37,0,6457,115,115,115,3460,3,6897,788.32732508277,0.67763667027628,1493.6914649702,80787,35,1100354,127598953,63,10782859412
"Image 12_SIM_P1-2.czi",3,7,32335.914526785,33,213.5,81.318181818182,69,31.302974264139,31.302974264139,"Yellow", , ,835,123,8552,470.48484848485,22.636363636364,5735.2121212121,144,0,3389,33,33,33,691,123,5163,175.43323537961,34.443629837223,1506.6848492132,15526,747,189262,8289606,54873,1158100892
"Image 12_SIM_P1-2.czi",3,8,30376.162131222,31,140.5,94.5,69,31.302974264139,31.302974264139,"Yellow", , ,1036,0,10062,465.83870967742,0,8953.0967741936,153,0,7783,31,31,31,883,0,2279,250.89228721694,0,635.34464950601,14441,0,277546,8615585,0,2497006082
"Image 12_SIM_P1-2.czi",3,9,30376.162131222,31,168.79032258065,105.79032258065,69,31.302974264139,31.302974264139,"Yellow", , ,879,72,5247,447.48387096774,11.161290322581,3581.935483871,138,0,2113,31,31,31,741,72,3134,218.4466175778,20.041784308778,918.74602712915,13872,346,111040,7639064,15912,423060944
"Image 12_SIM_P1-2.czi",3,10,35275.543120129,36,27,107,69,31.302974264139,31.302974264139,"Yellow", , ,1012,0,17724,483.91666666667,0,16741.361111111,109,0,14498,36,36,36,903,0,3226,253.41218541003,0,769.82673942268,17421,0,602689,10677933,0,10110576349
"Image 12_SIM_P1-2.czi",3,11,29396.285933441,30,191.5,156,69,31.302974264139,31.302974264139,"Yellow", , ,653,603,10925,348.76666666667,199.8,8102.8,99,4,6436,30,30,30,554,599,4489,152.47378142812,188.79680739557,1214.0562504721,10463,5994,243084,4323345,2231284,2012405080
"Image 12_SIM_P1-2.czi",3,12,38215.171713473,39,113.29487179487,166.9358974359,69,31.302974264139,31.302974264139,"Yellow", , ,1244,110,6697,477.35897435897,24,5107.4358974359,62,0,3245,39,39,39,1182,110,3452,314.11500468354,27.545178200645,920.37403137248,18617,936,199190,12636385,51296,1049539514
"Image 12_SIM_P1-2.czi",3,13,24496.904944534,25,228.5,171.5,69,31.302974264139,31.302974264139,"Yellow", , ,651,201,16000,371.24,22.88,13581.64,126,0,11182,25,25,25,525,201,4818,139.47738167889,45.595431057655,1417.7809797944,9281,572,339541,3912373,62982,4659766097
"Image 12_SIM_P1-2.czi",14,15,43114.55270238,44,129.5,88,69,31.302974264139,31.302974264139,"Fuchsia", , ,0,5079,9339,0,2071.7272727273,8154.5909090909,0,535,6980,44,44,44,0,4544,2359,0,1306.1402461048,519.15021432309,0,91156,358802,0,262208472,2937472756
"Image 12_SIM_P1-2.czi",14,16,36255.419317911,37,168.5,98.5,69,31.302974264139,31.302974264139,"Fuchsia", , ,64,3484,7281,7.5135135135135,1523.7837837838,5201.5945945946,0,539,3173,37,37,37,64,2945,4108,16.103177087529,857.01517344065,1208.4224670449,278,56380,192459,11424,112352030,1053663949
"Image 12_SIM_P1-2.czi",1,2,41021537.143919,41864,133.93951844067,120.06358685267,70,31.302974264139,31.302974264139,"Orange",11,2, , , , , , , , , , , , , , , , , , , , , , , , 
"Image 12_SIM_P1-2.czi",3,4,22537.152548972,23,187.32608695652,28.369565217391,70,31.302974264139,31.302974264139,"Yellow", , ,720,43,28,358.78260869565,9,1.9565217391304,102,2,0,23,23,23,618,41,28,174.56750622395,9.2883113251402,6.1309813901466,8252,207,45,3631098,3761,915
"Image 12_SIM_P1-2.czi",3,5,62712.076658008,64,104.53125,42.4375,70,31.302974264139,31.302974264139,"Yellow", , ,1338,0,8413,448.328125,0,6775.171875,59,0,5423,64,64,64,1279,0,2990,344.38281830782,0,722.95747431825,28693,0,433611,20335649,0,2970717105
"Image 12_SIM_P1-2.czi",3,6,110726.0103493,113,153.22566371681,62.730088495575,70,31.302974264139,31.302974264139,"Yellow", , ,2534,1,13195,566.44247787611,0.017699115044248,9910.6283185841,25,0,6921,113,113,113,2509,1,6274,558.67291635199,0.13244276964543,1295.4406806365,64008,2,1119901,71213778,2,11286877219
"Image 12_SIM_P1-2.czi",3,7,17637.771560065,18,219.16666666667,66.333333333333,70,31.302974264139,31.302974264139,"Yellow", , ,631,23,199,379.22222222222,12.888888888889,64.055555555556,131,6,4,18,18,18,500,17,195,152.88617663653,5.378485342098,51.179582581364,6826,232,1153,2985932,3482,118385
"Image 12_SIM_P1-2.czi",3,8,24496.904944534,25,46.94,78.3,70,31.302974264139,31.302974264139,"Yellow", , ,712,183,16534,339.52,54.8,14874.12,88,4,12740,25,25,25,624,179,3794,174.24219733846,49.049294932072,1147.4845431058,8488,1370,371853,3610494,132816,5562587443
"Image 12_SIM_P1-2.czi",3,9,36255.419317911,37,213.7972972973,81.418918918919,70,31.302974264139,31.302974264139,"Yellow", , ,844,224,8847,446.45945945946,44.621621621622,5177.5405405405,136,0,2356,37,37,37,708,224,6491,192.94452204867,62.765149278592,1917.7601749407,16519,1651,191569,8715257,215491,1124257211
"Image 12_SIM_P1-2.czi",3,10,35275.543120129,36,140.75,94.5,70,31.302974264139,31.302974264139,"Yellow", , ,938,0,9965,374.44444444444,0,8901.5,62,0,7665,36,36,36,876,0,2300,237.58468498555,0,640.4824297802,13480,0,320454,7023138,0,2866878902
"Image 12_SIM_P1-2.czi",3,11,27436.533537878,28,168.82142857143,105.60714285714,70,31.302974264139,31.302974264139,"Yellow", , ,913,68,4805,482.78571428571,11.464285714286,3097.75,184,0,1662,28,28,28,729,68,3143,214.13881913944,19.786793468554,920.97000494044,13518,321,86737,7764394,14251,291590557
"Image 12_SIM_P1-2.czi",3,12,48993.809889068,50,27.38,107,70,31.302974264139,31.302974264139,"Yellow", , ,1150,0,17536,432.38,0,16208.68,94,0,13144,50,50,50,1056,0,4392,298.9435746363,0,1016.201439134,21619,0,810434,13726619,0,13186665970
"Image 12_SIM_P1-2.czi",3,13,24496.904944534,25,191.5,156.5,70,31.302974264139,31.302974264139,"Yellow", , ,732,455,10275,434.16,163.4,8054.12,199,9,6594,25,25,25,533,446,3681,153.75242003516,136.77719108097,984.45438865055,10854,4085,201353,5279728,1116481,1644980835
"Image 12_SIM_P1-2.czi",3,14,34295.666922348,35,112.92857142857,166.92857142857,70,31.302974264139,31.302974264139,"Yellow", , ,1149,58,5899,469.2,21.685714285714,4348.7428571429,53,0,2720,35,35,35,1096,58,3179,284.12205330891,15.169185926762,863.97420790946,16422,759,152206,10449864,24283,687284104
"Image 12_SIM_P1-2.czi",15,16,47034.057493506,48,129.70833333333,88,70,31.302974264139,31.302974264139,"Fuchsia", , ,2,6328,8855,0.25,2381.8541666667,7621.6458333333,0,550,6298,48,48,48,2,5778,2557,0.4837794468469,1686.6812811665,544.94893337107,12,114329,365839,14,406025011,2802252849
"Image 12_SIM_P1-2.czi",15,17,34295.666922348,35,168.61428571429,98.614285714286,70,31.302974264139,31.302974264139,"Fuchsia", , ,55,4403,7092,6.2857142857143,1909.9714285714,4921.6857142857,0,549,3019,35,35,35,55,3854,4073,14.157873362594,1103.706762146,1161.3688366707,220,66849,172259,8198,169097413,893663097
"Image 12_SIM_P1-2.czi",1,2,40915710.514559,41756,133.70732349842,120.23967813009,71,31.302974264139,31.302974264139,"Orange",11,3, , , , , , , , , , , , , , , , , , , , , , , , 
"Image 12_SIM_P1-2.czi",3,4,17637.771560065,18,158.83333333333,15.5,71,31.302974264139,31.302974264139,"Yellow", , ,666,828,30,476.44444444444,204.83333333333,5.3333333333333,282,9,0,18,18,18,384,819,30,113.09975930812,241.22585218982,10.289915108551,8576,3687,96,4303444,1744449,2312
"Image 12_SIM_P1-2.czi",3,5,17637.771560065,18,164.5,35.166666666667,71,31.302974264139,31.302974264139,"Yellow", , ,606,176,7992,446.33333333333,49.666666666667,4678.7777777778,261,5,2398,18,18,18,345,171,5594,103.1931370267,55.186315439289,1583.4046918904,8034,894,84218,3766872,96176,436659204
"Image 12_SIM_P1-2.czi",3,6,63691.952855789,65,104.33076923077,42.3,71,31.302974264139,31.302974264139,"Yellow", , ,1469,0,8581,462.04615384615,0,6900,49,0,5707,65,65,65,1420,0,2874,377.84518286137,0,673.41074482815,30033,0,448500,23013719,0,3123672850
"Image 12_SIM_P1-2.czi",3,7,97007.743580355,99,153.29797979798,62.833333333333,71,31.302974264139,31.302974264139,"Yellow", , ,1496,0,12263,444.75757575758,0,10061.04040404,56,0,7038,99,99,99,1440,0,5225,326.67665130577,0,1313.4349647067,44031,0,996043,30041449,0,10190289785
"Image 12_SIM_P1-2.czi",3,8,18617.647757846,19,47.394736842105,78.078947368421,71,31.302974264139,31.302974264139,"Yellow", , ,883,89,15886,485.47368421053,38.052631578947,14260.157894737,109,10,12596,19,19,19,774,79,3290,219.27136115909,22.249778236624,963.94578358132,9224,723,270943,5343448,36423,3880415407
"Image 12_SIM_P1-2.czi",3,9,30376.162131222,31,213.20967741936,81.887096774194,71,31.302974264139,31.302974264139,"Yellow", , ,761,318,9868,439.51612903226,49.903225806452,5765.7741935484,124,0,2207,31,31,31,637,318,7661,172.9706855641,79.936789543868,2295.3555238013,13625,1547,178739,6885973,268897,1188628423
"Image 12_SIM_P1-2.czi",3,10,47034.057493506,48,27.4375,107.14583333333,71,31.302974264139,31.302974264139,"Yellow", , ,1193,0,17120,453.33333333333,0,15957.020833333,91,0,13111,48,48,48,1102,0,4009,314.8085763068,0,923.40379792636,21760,0,765937,14522442,0,12262148371
"Image 12_SIM_P1-2.czi",3,11,33315.790724567,34,191.94117647059,156.5,71,31.302974264139,31.302974264139,"Yellow", , ,779,302,10792,397.17647058824,99.735294117647,8371.5,150,2,6816,34,34,34,629,300,3976,184.71000540376,96.100423744385,1179.4826613753,13504,3391,284631,6489358,642967,2428697335
"Image 12_SIM_P1-2.czi",3,12,22537.152548972,23,59.673913043478,157.5,71,31.302974264139,31.302974264139,"Yellow", , ,678,61,6739,379.47826086957,8.3913043478261,5121.3043478261,165,0,3547,23,23,23,513,61,3192,143.45346713552,16.754210136925,1004.0227919716,8728,193,117790,3764822,7795,625415798
"Image 12_SIM_P1-2.czi",3,13,26456.657340097,27,113.42592592593,166.09259259259,71,31.302974264139,31.302974264139,"Yellow", , ,938,47,4880,432.11111111111,16.666666666667,3996.7037037037,94,0,2800,27,27,27,844,47,2080,233.80503602745,13.861956793824,626.05294779858,11667,450,107911,6462725,12496,441478793
"Image 12_SIM_P1-2.czi",3,14,21557.27635119,22,120.59090909091,188.40909090909,71,31.302974264139,31.302974264139,"Yellow", , ,614,0,1929,375.27272727273,0,799.18181818182,139,0,125,22,22,22,475,0,1804,129.14155460401,0,517.07682365239,8256,0,17582,3448480,0,19665952
"Image 12_SIM_P1-2.czi",15,16,52913.314680194,54,129.88888888889,87.888888888889,71,31.302974264139,31.302974264139,"Fuchsia", , ,4,7790,8391,0.90740740740741,2621.8148148148,7138.9259259259,0,434,6045,54,54,54,4,7356,2346,1.2327070765384,2130.0515103531,497.82602295027,49,141578,385502,125,611658628,2765205252
"Image 12_SIM_P1-2.czi",15,17,39195.047911255,40,168.7,98.575,71,31.302974264139,31.302974264139,"Fuchsia", , ,40,5391,7012,4.325,2065.65,4760.625,0,546,2680,40,40,40,40,4845,4332,9.9573127360286,1418.8766150437,1287.9465008697,173,82626,190425,4615,249191620,971235457
"Image 12_SIM_P1-2.czi",15,18,19597.523955627,20,89.25,188.75,71,31.302974264139,31.302974264139,"Fuchsia", , ,0,2118,11531,0,1313.7,4452.8,0,716,920,20,20,20,0,1402,10611,0,473.06738142512,3150.4812598111,0,26274,89056,0,38768216,585133668
"Image 12_SIM_P1-2.czi",1,2,40740312.675156,41577,133.37560430046,120.42214445487,72,31.302974264139,31.302974264139,"Orange",9,3, , , , , , , , , , , , , , , , , , , , , , , , 
"Image 12_SIM_P1-2.czi",3,4,28416.40973566,29,158.56896551724,15.086206896552,72,31.302974264139,31.302974264139,"Yellow", , ,827,1027,17,471.93103448276,232.44827586207,2.2758620689655,194,1,0,29,29,29,633,1026,17,176.14014936053,295.55801777641,4.5504831119041,13686,6741,66,7327558,4012861,730
"Image 12_SIM_P1-2.czi",3,5,26456.657340097,27,123.09259259259,20.574074074074,72,31.302974264139,31.302974264139,"Yellow", , ,731,131,8338,391.77777777778,17.888888888889,7452.3333333333,143,0,5943,27,27,27,588,131,2395,185.62355067206,32.230340857566,658.70093599214,10578,483,201213,5040084,35649,1510787407
"Image 12_SIM_P1-2.czi",3,6,60752.324262445,62,104.61290322581,42,72,31.302974264139,31.302974264139,"Yellow", , ,1449,1,8250,459.41935483871,0.016129032258065,6927.0483870968,58,0,6193,62,62,62,1391,1,2057,374.73380927796,0.12700012700019,524.39049482512,28484,1,429477,21652052,1,2991782069
"Image 12_SIM_P1-2.czi",3,7,33315.790724567,34,155.02941176471,62.088235294118,72,31.302974264139,31.302974264139,"Yellow", , ,649,0,11696,399.91176470588,0,11134.382352941,200,0,10064,34,34,34,449,0,1632,132.80479355329,0,396.6032300718,13597,0,378569,6019625,0,4220322699
"Image 12_SIM_P1-2.czi",3,8,22537.152548972,23,213.5,80.673913043478,72,31.302974264139,31.302974264139,"Yellow", , ,604,342,8493,390.47826086957,91.217391304348,4511.1739130435,188,1,1785,23,23,23,416,341,6708,127.32273579916,99.185297903258,2047.0033230904,8981,2098,103757,3863529,407804,560250769
"Image 12_SIM_P1-2.czi",3,9,44094.428900162,45,27.366666666667,106.61111111111,72,31.302974264139,31.302974264139,"Yellow", , ,1098,0,16504,449.64444444444,0,15749.2,92,0,14067,45,45,45,1006,0,2437,289.36200632956,0,564.80312740571,20234,0,708714,12782242,0,11175714642
"Image 12_SIM_P1-2.czi",3,10,35275.543120129,36,192,156.38888888889,72,31.302974264139,31.302974264139,"Yellow", , ,780,191,11699,392.58333333333,57.333333333333,8827.1666666667,148,0,7046,36,36,36,632,191,4653,191.33133191255,63.872641136204,1291.2312507282,14133,2064,317778,6829649,261126,2863434104
"Image 12_SIM_P1-2.czi",3,11,22537.152548972,23,59.673913043478,157.5,72,31.302974264139,31.302974264139,"Yellow", , ,721,31,6447,401.69565217391,4.4347826086957,4955.0869565217,156,0,3538,23,23,23,565,31,2909,154.41897986929,8.9484690765644,942.05678814754,9239,102,113967,4235861,2214,584240757
"Image 12_SIM_P1-2.czi",3,12,27436.533537878,28,121.5,189,72,31.302974264139,31.302974264139,"Yellow", , ,719,0,2481,372.82142857143,0,1182.25,100,0,206,28,28,28,619,0,2275,185.62687656045,0,647.05318488829,10439,0,33103,4822231,0,50440323
"Image 12_SIM_P1-2.czi",13,14,54873.067075757,56,129.89285714286,87.982142857143,72,31.302974264139,31.302974264139,"Fuchsia", , ,7,9504,8315,1.9464285714286,3045.25,6775.7678571429,0,357,5833,56,56,56,7,9147,2482,1.9671820441447,2646.8930688983,556.93482533895,109,170534,379443,425,904651024,2588077385
"Image 12_SIM_P1-2.czi",13,15,40174.924109036,41,168.91463414634,98.524390243902,72,31.302974264139,31.302974264139,"Fuchsia", , ,24,6193,6816,2.390243902439,2259.2926829268,4562.4146341463,0,517,2608,41,41,41,24,5676,4208,5.8560995926491,1657.5857480671,1256.5804386431,98,92631,187059,1606,319184161,916600495
"Image 12_SIM_P1-2.czi",13,16,19597.523955627,20,89,188.75,72,31.302974264139,31.302974264139,"Fuchsia", , ,0,2125,10531,0,1297.5,4080.15,0,626,776,20,20,20,0,1499,9755,0,496.03761529694,2878.690588207,0,25950,81603,0,38345138,490402811
"Image 12_SIM_P1-2.czi",1,2,40630566.541004,41465,133.23937055348,120.55677077053,73,31.302974264139,31.302974264139,"Orange",10,2, , , , , , , , , , , , , , , , , , , , , , , , 
"Image 12_SIM_P1-2.czi",3,4,15678.019164502,16,123,21,73,31.302974264139,31.302974264139,"Yellow", , ,889,182,7604,610.1875,33.0625,6924.875,396,0,5830,16,16,16,493,182,1774,169.82234589908,49.927238724635,504.62076519567,9763,529,110798,6389855,54881,771081932
"Image 12_SIM_P1-2.czi",3,5,48013.933691287,49,104.60204081633,41.928571428571,73,31.302974264139,31.302974264139,"Yellow", , ,1244,5,7672,475.04081632653,0.36734693877551,6770.0408163265,70,0,6109,49,49,49,1174,5,1563,321.06716322184,0.9058577323689,360.71312234607,23277,18,331732,16005563,46,2252084650
"Image 12_SIM_P1-2.czi",3,6,17637.771560065,18,46.5,78.166666666667,73,31.302974264139,31.302974264139,"Yellow", , ,678,51,16344,423.72222222222,20.222222222222,14631.722222222,213,3,13386,18,18,18,465,48,2958,135.45557359629,14.810789213414,810.5962079965,7627,364,263371,3543649,11090,3864741439
"Image 12_SIM_P1-2.czi",3,7,27436.533537878,28,27.5,106.17857142857,73,31.302974264139,31.302974264139,"Yellow", , ,921,0,15828,513.57142857143,0,15485.178571429,225,0,14639,28,28,28,696,0,1189,203.37002010957,0,344.22420057943,14380,0,433585,8501860,0,6717340389
"Image 12_SIM_P1-2.czi",3,8,29396.285933441,30,105.5,107,73,31.302974264139,31.302974264139,"Yellow", , ,703,0,1395,382.93333333333,0,738.96666666667,118,0,397,30,30,30,585,0,998,161.90821864367,0,266.35580084481,11488,0,22169,5159352,0,18439569
"Image 12_SIM_P1-2.czi",3,9,18617.647757846,19,175.39473684211,110.07894736842,73,31.302974264139,31.302974264139,"Yellow", , ,566,3,1359,399,0.31578947368421,798.1052631579,245,0,433,19,19,19,321,3,926,99.903842657717,0.8200698871944,256.35216548439,7581,6,15164,3204473,14,13285364
"Image 12_SIM_P1-2.czi",3,10,28416.40973566,29,57.913793103448,137.43103448276,73,31.302974264139,31.302974264139,"Yellow", , ,757,11,1165,375.58620689655,1.2758620689655,471.86206896552,127,0,224,29,29,29,630,11,941,176.7719509993,2.4913643956122,238.34694462034,10892,37,13684,4965838,221,8047620
"Image 12_SIM_P1-2.czi",3,11,24496.904944534,25,192.5,156.5,73,31.302974264139,31.302974264139,"Yellow", , ,759,105,10996,452.4,29.88,8810.88,172,0,7147,25,25,25,587,105,3849,167.24682358718,32.370665733037,1020.0264016191,11310,747,220272,5787960,47469,1965761052
"Image 12_SIM_P1-2.czi",3,12,22537.152548972,23,59.673913043478,157.5,73,31.302974264139,31.302974264139,"Yellow", , ,686,12,6230,384.82608695652,1.7391304347826,4869.1739130435,132,0,3554,23,23,23,554,12,2676,152.26939409956,3.6082908482895,886.67969271342,8851,40,111991,3916187,356,562600075
"Image 12_SIM_P1-2.czi",3,13,28416.40973566,29,121.18965517241,188.81034482759,73,31.302974264139,31.302974264139,"Yellow", , ,832,0,2844,410.68965517241,0,1298.4827586207,146,0,206,29,29,29,686,0,2638,206.65276318506,0,754.04531034233,11910,0,37656,6087064,0,64816028
"Image 12_SIM_P1-2.czi",14,15,57812.695669101,59,129.90677966102,87.822033898305,73,31.302974264139,31.302974264139,"Fuchsia", , ,10,11295,7876,2.9661016949153,3384.1016949153,6397.3898305085,0,371,5488,59,59,59,10,10924,2388,2.8098723844805,3176.0039503956,555.74048200853,175,199662,377446,977,1260722576,2432582356
"Image 12_SIM_P1-2.czi",14,16,40174.924109036,41,168.91463414634,98.524390243902,73,31.302974264139,31.302974264139,"Fuchsia", , ,12,6312,6721,1.1219512195122,2229.4146341463,4535.9268292683,0,477,2585,41,41,41,12,5835,4136,2.8826647563602,1679.8011337002,1248.2033566339,46,91406,185973,384,316651148,905880385
"Image 12_SIM_P1-2.czi",1,2,40563934.959555,41397,133.05977486291,120.71677899365,74,31.302974264139,31.302974264139,"Orange",7,2, , , , , , , , , , , , , , , , , , , , , , , , 
"Image 12_SIM_P1-2.czi",3,4,30376.162131222,31,123.08064516129,21.048387096774,74,31.302974264139,31.302974264139,"Yellow", , ,1008,507,6970,471.03225806452,86.58064516129,6063.2580645161,172,0,4569,31,31,31,836,507,2401,256.6359917433,132.37189384295,663.83280865702,14602,2684,187961,8853874,758052,1152876269
"Image 12_SIM_P1-2.czi",3,5,35275.543120129,36,104.83333333333,41.666666666667,74,31.302974264139,31.302974264139,"Yellow", , ,907,11,7272,443.30555555556,1.0277777777778,6562.0555555556,114,0,6039,36,36,36,793,11,1233,226.68780538686,2.2613031781458,273.6115018932,15959,37,236234,8873271,217,1552800846
"Image 12_SIM_P1-2.czi",3,6,27436.533537878,28,105.5,106.17857142857,74,31.302974264139,31.302974264139,"Yellow", , ,867,0,1582,466.78571428571,0,957.14285714286,141,0,545,28,28,28,726,0,1037,202.5082270195,0,315.96738161302,13070,0,26800,7208148,0,28346984
"Image 12_SIM_P1-2.czi",3,7,22537.152548972,23,27.5,106.32608695652,74,31.302974264139,31.302974264139,"Yellow", , ,670,0,15494,417.91304347826,0,14945.391304348,213,0,13934,23,23,23,457,0,1560,138.68503001192,0,377.46242909129,9612,0,343744,4440118,0,5140523102
"Image 12_SIM_P1-2.czi",3,8,23517.028746753,24,57.583333333333,137.58333333333,74,31.302974264139,31.302974264139,"Yellow", , ,836,18,1144,466.5,3.0416666666667,509.95833333333,184,0,251,24,24,24,652,18,893,190.76505012142,4.2064047094532,231.08919399165,11196,73,12239,6059934,629,7469631
"Image 12_SIM_P1-2.czi",3,9,31356.038329004,32,192.125,156.15625,74,31.302974264139,31.302974264139,"Yellow", , ,676,61,12176,354.53125,13.25,9686.65625,146,0,7455,32,32,32,530,61,4721,155.82516761712,18.09651543717,1274.0386029847,11345,424,309973,4774883,15770,3052920303
"Image 12_SIM_P1-2.czi",3,10,30376.162131222,31,121.04838709677,188.91935483871,74,31.302974264139,31.302974264139,"Yellow", , ,886,0,3159,397.67741935484,0,1371.9032258065,96,0,152,31,31,31,790,0,3007,227.04146274734,0,846.74554835317,12328,0,42529,6449002,0,79855013
"Image 12_SIM_P1-2.czi",11,12,58792.571866882,60,130.06666666667,87.966666666667,74,31.302974264139,31.302974264139,"Fuchsia", , ,12,12682,7480,3.8,3593.9166666667,6071.3833333333,0,369,5093,60,60,60,12,12313,2387,3.1932131418826,3524.8390288605,555.30147840691,228,215635,364283,1468,1508019141,2229894959
"Image 12_SIM_P1-2.czi",11,13,36255.419317911,37,168.90540540541,98.662162162162,74,31.302974264139,31.302974264139,"Fuchsia", , ,5,5236,6657,0.35135135135135,1993.2162162162,4534.9189189189,0,446,2612,37,37,37,5,4790,4045,1.1356891255048,1387.6934326655,1192.3421483781,13,73749,167792,51,216322653,812103588
"Image 12_SIM_P1-2.czi",1,2,40516900.902062,41349,133.06956637404,120.81792788217,75,31.302974264139,31.302974264139,"Orange",8,8, , , , , , , , , , , , , , , , , , , , , , , , 
"Image 12_SIM_P1-2.czi",3,4,26456.657340097,27,123.42592592593,21.092592592593,75,31.302974264139,31.302974264139,"Yellow", , ,1032,578,6361,504.51851851852,114.40740740741,5463.5185185185,177,0,4165,27,27,27,855,578,2196,258.05505828294,173.98281507959,614.61672674743,13622,3089,147515,8603954,1140425,815772531
"Image 12_SIM_P1-2.czi",3,5,20577.400153409,21,104.78571428571,41.5,75,31.302974264139,31.302974264139,"Yellow", , ,594,5,6892,384.90476190476,0.57142857142857,6342.0476190476,207,0,5844,21,21,21,387,5,1048,118.81199634797,1.1649647450214,242.63068152863,8083,12,133183,3393511,34,845830321
"Image 12_SIM_P1-2.czi",3,6,29396.285933441,30,74.5,42,75,31.302974264139,31.302974264139,"Yellow", , ,718,11,8161,383.93333333333,2.7,7789.5666666667,106,0,7060,30,30,30,612,11,1101,165.05692504632,3.4953170642032,276.09377259252,11518,81,233687,5212214,573,1822531071
"Image 12_SIM_P1-2.czi",3,7,25476.781142316,26,148,76.269230769231,75,31.302974264139,31.302974264139,"Yellow", , ,643,12,13623,352.57692307692,1.6923076923077,11178.384615385,117,0,8947,26,26,26,526,12,4676,150.09228443246,2.6194538479497,1249.700798653,9167,44,290638,3795265,246,3287907150
"Image 12_SIM_P1-2.czi",3,8,37235.295515692,38,105.86842105263,106.52631578947,75,31.302974264139,31.302974264139,"Yellow", , ,1011,0,1982,441.57894736842,0,1153.3157894737,116,0,697,38,38,38,895,0,1285,252.79567987018,0,373.28252507684,16780,0,43826,9774204,0,55700792
"Image 12_SIM_P1-2.czi",3,9,35275.543120129,36,58.111111111111,137.63888888889,75,31.302974264139,31.302974264139,"Yellow", , ,864,74,1334,396,9.25,552.41666666667,108,0,244,36,36,36,756,74,1090,216.5272665113,14.247556181425,272.24824543577,14256,333,19887,7286318,10185,13580079
"Image 12_SIM_P1-2.czi",3,10,25476.781142316,26,119.61538461539,148,75,31.302974264139,31.302974264139,"Yellow", , ,587,255,2853,377.34615384615,53.153846153846,1192.1538461539,153,3,266,26,26,26,434,252,2587,120.62435651482,71.5394673213,714.60280952751,9811,1382,30996,4065899,201406,49718430
"Image 12_SIM_P1-2.czi",3,11,31356.038329004,32,121.84375,189.03125,75,31.302974264139,31.302974264139,"Yellow", , ,840,1,4078,345.90625,0.03125,1899.53125,64,0,285,32,32,32,776,1,3793,228.46816103089,0.17677669529664,1097.655389378,11069,1,60785,5446965,1,152813275
"Image 12_SIM_P1-2.czi",12,13,17637.771560065,18,122.22222222222,26.388888888889,75,31.302974264139,31.302974264139,"Fuchsia", , ,128,1535,4736,27.888888888889,1126.0555555556,3677.2222222222,1,723,2466,18,18,18,127,812,2270,40.927322800716,239.05093531129,658.39203014578,502,20269,66190,42476,23795491,250764500
"Image 12_SIM_P1-2.czi",12,14,21557.27635119,22,138.22727272727,77,75,31.302974264139,31.302974264139,"Fuchsia", , ,0,2922,15624,0,1818.8181818182,12384.363636364,0,843,9643,22,22,22,0,2079,5981,0,654.07532960397,1767.9931196121,0,40014,272456,0,81762296,3439835972
"Image 12_SIM_P1-2.czi",12,15,55852.943273538,57,129.95614035088,87.938596491228,75,31.302974264139,31.302974264139,"Fuchsia", , ,13,12261,7127,4.4736842105263,3554.5614035088,5854.8421052632,0,339,4786,57,57,57,13,11922,2341,3.6503681964872,3412.5196389678,536.73506331848,255,202610,333726,1887,1372325942,1970045770
"Image 12_SIM_P1-2.czi",12,16,29396.285933441,30,168.86666666667,98.866666666667,75,31.302974264139,31.302974264139,"Fuchsia", , ,1,3382,6469,0.1,1551.0666666667,4618.9,0,511,2985,30,30,30,1,2871,3484,0.30512857662937,855.73210976226,1048.5928946072,3,46532,138567,3,93410280,671913981
"Image 12_SIM_P1-2.czi",12,17,22537.152548972,23,194.5,102.67391304348,75,31.302974264139,31.302974264139,"Fuchsia", , ,0,2534,6827,0,1335.7826086957,4089.5652173913,0,524,1959,23,23,23,0,2010,4868,0,584.71570065536,1452.9742169422,0,30723,94060,0,48560883,431109454
"Image 12_SIM_P1-2.czi",12,18,24496.904944534,25,244.9,106.46,75,31.302974264139,31.302974264139,"Fuchsia", , ,25,2692,21,2.36,1359.28,1.8,0,548,0,25,25,25,25,2144,21,5.5967252329673,652.03741712676,4.8218253804965,59,33982,45,891,56394720,639
"Image 12_SIM_P1-2.czi",12,19,23517.028746753,24,70,127,75,31.302974264139,31.302974264139,"Fuchsia", , ,0,2479,945,0,1289.375,407.95833333333,0,553,139,24,24,24,0,1926,806,0,632.07263014832,221.20882897048,0,30945,9791,0,49088573,5119787
"Image 12_SIM_P1-2.czi",12,20,15678.019164502,16,186,169.5,75,31.302974264139,31.302974264139,"Fuchsia", , ,45,1591,15193,12.25,1220,13845.625,0,810,12395,16,16,16,45,781,2798,13.940349110884,242.27587581103,818.38351848833,196,19520,221530,5316,24694864,3077267580
"Image 12_SIM_P1-2.czi",1,2,40459088.206393,41290,132.8649794139,120.89244369097,76,31.302974264139,31.302974264139,"Orange",8,6, , , , , , , , , , , , , , , , , , , , , , , , 
"Image 12_SIM_P1-2.czi",3,4,17637.771560065,18,123.16666666667,20.666666666667,76,31.302974264139,31.302974264139,"Yellow", , ,908,256,5797,527.94444444444,69.555555555556,5241.5,143,0,4380,18,18,18,765,256,1417,224.57475428337,92.104302909143,384.73034865535,9503,1252,94347,5874431,231298,497036097
"Image 12_SIM_P1-2.czi",3,5,36255.419317911,37,74.905405405405,41.716216216216,76,31.302974264139,31.302974264139,"Yellow", , ,918,15,7348,446.16216216216,1.8108108108108,6961.7567567568,113,0,6297,37,37,37,805,15,1051,228.61205780311,3.3568986831254,297.7132667336,16508,67,257585,9246730,527,1796434909
"Image 12_SIM_P1-2.czi",3,6,18617.647757846,19,147.6052631579,76.921052631579,76,31.302974264139,31.302974264139,"Yellow", , ,750,2,12776,441.42105263158,0.57894736842105,10740.157894737,174,0,8898,19,19,19,576,2,3878,190.28000297499,0.76853319697577,1075.4270088955,8387,11,204063,4353915,17,2212486619
"Image 12_SIM_P1-2.czi",3,7,43114.55270238,44,105.81818181818,106.56818181818,76,31.302974264139,31.302974264139,"Yellow", , ,1095,2,2383,421.86363636364,0.090909090909091,1365.0227272727,55,0,886,44,44,44,1040,2,1497,277.95838662189,0.36204726777243,401.8297967025,18562,4,60061,11152850,6,88927719
"Image 12_SIM_P1-2.czi",3,8,23517.028746753,24,157.5,132.875,76,31.302974264139,31.302974264139,"Yellow", , ,696,30,10716,364.45833333333,8.375,10016.583333333,137,1,9340,24,24,24,559,29,1376,156.03399271972,9.0592854118806,377.82396598861,8747,201,240398,3747889,3571,2411249872
"Image 12_SIM_P1-2.czi",3,9,32335.914526785,33,58.075757575758,137.92424242424,76,31.302974264139,31.302974264139,"Yellow", , ,840,99,1384,408.27272727273,13.69696969697,625,112,0,278,33,33,33,728,99,1106,204.91404794561,19.7428544803,270.99365767486,13473,452,20625,6844331,18664,15240627
"Image 12_SIM_P1-2.czi",3,10,23517.028746753,24,119.41666666667,148.41666666667,76,31.302974264139,31.302974264139,"Yellow", , ,719,172,2271,475.33333333333,40.083333333333,1046.3333333333,194,1,281,24,24,24,525,171,1990,148.67462771952,50.07031287983,581.48989049993,11408,962,25112,5930998,96222,34052524
"Image 12_SIM_P1-2.czi",3,11,17637.771560065,18,194.16666666667,214.33333333333,76,31.302974264139,31.302974264139,"Yellow", , ,677,44,9799,401.55555555556,8.6111111111111,8906.8333333333,162,0,7908,18,18,18,515,44,1891,155.79935143799,13.469525031536,557.16934272319,7228,155,160323,3315092,4419,1433247681
"Image 12_SIM_P1-2.czi",12,13,16657.895362283,17,122.61764705882,26.088235294118,76,31.302974264139,31.302974264139,"Fuchsia", , ,124,1673,4392,29.647058823529,1273.2352941177,3347.4705882353,3,894,2102,17,17,17,121,779,2290,39.553667934325,251.25821613725,698.32488120207,504,21645,56907,39974,28569269,198297031
"Image 12_SIM_P1-2.czi",12,14,31356.038329004,32,138,77,76,31.302974264139,31.302974264139,"Fuchsia", , ,0,4005,15250,0,1949.625,11878.65625,0,663,8718,32,32,32,0,3342,6532,0,1000.3002371869,1973.8836389108,0,62388,380117,0,152651822,4636061893
"Image 12_SIM_P1-2.czi",12,15,50953.562284631,52,130,88,76,31.302974264139,31.302974264139,"Fuchsia", , ,14,9589,6634,4.8269230769231,3014.9423076923,5647.5769230769,0,563,4595,52,52,52,14,9026,2039,3.9393497713986,2689.3143700431,481.03472403926,251,156777,293674,2003,841526611,1670347620
"Image 12_SIM_P1-2.czi",12,16,21557.27635119,22,194.40909090909,102.59090909091,76,31.302974264139,31.302974264139,"Fuchsia", , ,0,2593,6908,0,1377.2727272727,4180.8636363636,0,563,2181,22,22,22,0,2030,4727,0,594.13716404293,1402.6532441686,0,30300,91979,0,49144342,425867815
"Image 12_SIM_P1-2.czi",12,17,23517.028746753,24,70,127,76,31.302974264139,31.302974264139,"Fuchsia", , ,0,2636,1006,0,1380.25,450.29166666667,0,643,207,24,24,24,0,1993,799,0,677.32114597332,222.21718306485,0,33126,10807,0,56273732,6002053
"Image 12_SIM_P1-2.czi",12,18,25476.781142316,26,186.07692307692,169.80769230769,76,31.302974264139,31.302974264139,"Fuchsia", , ,33,2245,15438,7.3076923076923,1402.1538461539,13700.846153846,0,753,11903,26,26,26,33,1492,3535,9.797016814395,485.27770954848,1058.8184619587,190,36456,356222,3788,57004282,4908570232
"Image 12_SIM_P1-2.czi",1,2,40502202.759095,41334,132.87513911066,120.95294430735,77,31.302974264139,31.302974264139,"Orange",11,7, , , , , , , , , , , , , , , , , , , , , , , , 
"Image 12_SIM_P1-2.czi",3,4,18617.647757846,19,90.394736842105,34.078947368421,77,31.302974264139,31.302974264139,"Yellow", , ,654,62,8504,398.84210526316,7.3684210526316,7843.4736842105,205,0,7209,19,19,19,449,62,1295,135.67783048166,15.417200085604,415.87169073874,7578,140,149026,3353778,5310,1171994596
"Image 12_SIM_P1-2.czi",3,5,49973.68608685,51,75.06862745098,41.539215686275,77,31.302974264139,31.302974264139,"Yellow", , ,1200,18,6620,464.8431372549,1.9019607843137,6216.6078431373,91,0,5169,51,51,51,1109,18,1451,321.91659618908,3.8587816831782,333.485656569,23707,97,317047,16201551,929,1976517501
"Image 12_SIM_P1-2.czi",3,6,24496.904944534,25,148.42,77.06,77,31.302974264139,31.302974264139,"Yellow", , ,750,4,12641,401.68,1.04,10367.52,131,0,8696,25,25,25,619,4,3945,184.11267383498,1.3988090172238,1093.2263077698,10042,26,259188,4847210,74,2715820224
"Image 12_SIM_P1-2.czi",3,7,23517.028746753,24,113.41666666667,98.583333333333,77,31.302974264139,31.302974264139,"Yellow", , ,1084,317,5386,523.20833333333,74,4373.4166666667,143,4,3558,24,24,24,941,313,1828,275.07263533501,77.702330556509,510.24767359175,12557,1776,104962,8310221,270290,465030672
"Image 12_SIM_P1-2.czi",3,8,36255.419317911,37,105.95945945946,106.58108108108,77,31.302974264139,31.302974264139,"Yellow", , ,1076,3,2387,451.94594594595,0.24324324324324,1608.0810810811,123,0,1165,37,37,37,953,3,1222,272.08454016536,0.59653655031008,350.76118643589,16722,9,59499,10222520,15,100108419
"Image 12_SIM_P1-2.czi",3,9,28416.40973566,29,157.56896551724,132.91379310345,77,31.302974264139,31.302974264139,"Yellow", , ,762,50,10479,350.96551724138,12.965517241379,9837.8275862069,86,0,9203,29,29,29,676,50,1276,185.79933160702,15.148037964938,354.14142342185,10178,376,285297,4538726,11300,2810214349
"Image 12_SIM_P1-2.czi",3,10,30376.162131222,31,58.08064516129,137.91935483871,77,31.302974264139,31.302974264139,"Yellow", , ,731,122,1467,377.22580645161,21.225806451613,707.90322580645,103,0,320,31,31,31,628,122,1147,172.52878207755,25.090117147886,284.93629169093,11694,658,21945,5304264,32852,17970597
"Image 12_SIM_P1-2.czi",3,11,38215.171713473,39,119.57692307692,148.0641025641,77,31.302974264139,31.302974264139,"Yellow", , ,898,191,2858,444.07692307692,27.384615384615,1114.0769230769,143,0,232,39,39,39,755,191,2626,217.65223161531,47.520973422056,748.3735481772,17319,1068,43449,9491123,115060,69687921
"Image 12_SIM_P1-2.czi",3,12,26456.657340097,27,135.90740740741,171.57407407407,77,31.302974264139,31.302974264139,"Yellow", , ,729,110,4453,450.85185185185,13.37037037037,3674.3333333333,181,0,3197,27,27,27,548,110,1256,151.94298113328,25.495321061155,380.14966688236,12173,361,99207,6088473,21727,368276945
"Image 12_SIM_P1-2.czi",3,13,18617.647757846,19,218.07894736842,194.39473684211,77,31.302974264139,31.302974264139,"Yellow", , ,609,1943,8322,447.15789473684,688.73684210526,7277.1578947368,265,34,6341,19,19,19,344,1909,1981,109.1432611845,609.2000986818,585.892411735,8496,13086,138266,4013474,15693056,1012362372
"Image 12_SIM_P1-2.czi",3,14,27436.533537878,28,194.82142857143,214.5,77,31.302974264139,31.302974264139,"Yellow", , ,741,340,9614,373.82142857143,42.535714285714,8039.8571428571,135,0,6724,28,28,28,606,340,2890,176.37902234622,76.756219264417,738.49379817781,10467,1191,225116,4752747,209731,1824625554
"Image 12_SIM_P1-2.czi",15,16,17637.771560065,18,123,26.277777777778,77,31.302974264139,31.302974264139,"Fuchsia", , ,104,1518,4071,26.222222222222,1111.0555555556,2992.3888888889,3,723,2018,18,18,18,101,795,2053,32.774731219889,244.79246245177,564.79180327423,472,19999,53863,30638,23238697,166601869
"Image 12_SIM_P1-2.czi",15,17,41154.800306818,42,138.5,77.166666666667,77,31.302974264139,31.302974264139,"Fuchsia", , ,3,5216,15614,0.5,2037.4761904762,11324.166666667,0,541,7842,42,42,42,3,4675,7772,0.74079719748719,1355.467883185,2154.8234370165,21,85574,475615,33,249684008,5576317355
"Image 12_SIM_P1-2.czi",15,18,43114.55270238,44,130,88,77,31.302974264139,31.302974264139,"Fuchsia", , ,16,5818,6282,4.9318181818182,2130.9772727273,5508.9545454546,0,512,4501,44,44,44,16,5306,1781,4.6525698188917,1644.4060847505,420.83062684468,217,93763,242394,2001,316081891,1342952760
"Image 12_SIM_P1-2.czi",15,19,20577.400153409,21,115.54761904762,103.69047619048,77,31.302974264139,31.302974264139,"Fuchsia", , ,115,2583,4999,14.095238095238,1439.5238095238,4207.0952380952,0,689,3506,21,21,21,115,1894,1493,28.001615599649,601.27112179512,402.23350242886,296,30230,88349,19854,50747344,374928493
"Image 12_SIM_P1-2.czi",15,20,19597.523955627,20,128.35,118.25,77,31.302974264139,31.302974264139,"Fuchsia", , ,0,2180,4720,0,1326.15,3193.1,0,620,2227,20,20,20,0,1560,2493,0,481.77776870779,723.16256452947,0,26523,63862,0,39583563,213854070
"Image 12_SIM_P1-2.czi",15,21,23517.028746753,24,70,127,77,31.302974264139,31.302974264139,"Fuchsia", , ,0,2416,1058,0,1283.375,504.25,0,581,296,24,24,24,0,1835,762,0,627.82438783192,211.11366194747,0,30801,12102,0,48594993,7127520
"Image 12_SIM_P1-2.czi",15,22,31356.038329004,32,186.65625,169.875,77,31.302974264139,31.302974264139,"Fuchsia", , ,19,2879,15555,3.9375,1678.15625,13563.34375,0,675,11500,32,32,32,19,2204,4055,5.5818686892936,664.79820413246,1047.7472795933,126,53701,434027,1462,103819325,5920888403
"Image 12_SIM_P1-2.czi",1,2,40506122.263886,41338,132.93722482946,120.99073491703,78,31.302974264139,31.302974264139,"Orange",11,5, , , , , , , , , , , , , , , , , , , , , , , , 
"Image 12_SIM_P1-2.czi",3,4,16657.895362283,17,90.088235294118,34.558823529412,78,31.302974264139,31.302974264139,"Yellow", , ,804,11,7692,502.58823529412,2.1176470588235,7013.2941176471,169,0,6032,17,17,17,635,11,1660,172.79867578469,3.3332107820609,546.54788956526,8544,36,119226,4771864,254,840946438
"Image 12_SIM_P1-2.czi",3,5,62712.076658008,64,75.453125,41.453125,78,31.302974264139,31.302974264139,"Yellow", , ,1606,31,6131,496.859375,2.703125,5532.53125,50,0,4402,64,64,64,1556,31,1729,422.82270918528,6.0070849373423,449.14673844828,31799,173,354082,27062711,2741,1971678896
"Image 12_SIM_P1-2.czi",3,6,23517.028746753,24,148.41666666667,76.583333333333,78,31.302974264139,31.302974264139,"Yellow", , ,642,1,12476,372.29166666667,0.375,10484.791666667,176,0,8676,24,24,24,466,1,3800,135.28857375405,0.49453535504684,1020.7252314842,8935,9,251635,3747395,9,2662303791
"Image 12_SIM_P1-2.czi",3,7,34295.666922348,35,113.32857142857,98.9,78,31.302974264139,31.302974264139,"Yellow", , ,1239,336,5448,455.85714285714,67.971428571429,4233.2,51,1,3327,35,35,35,1188,335,2121,325.96726133492,84.956904547259,622.96411000389,15955,2379,148162,10885859,407105,640394244
"Image 12_SIM_P1-2.czi",3,8,23517.028746753,24,105.58333333333,106.58333333333,78,31.302974264139,31.302974264139,"Yellow", , ,941,4,2318,512.75,0.45833333333333,1767.2916666667,207,0,1407,24,24,24,734,4,911,208.23633104052,0.97709270027339,259.37239958536,12306,11,42415,7307236,27,76506979
"Image 12_SIM_P1-2.czi",3,9,23517.028746753,24,157.58333333333,132.41666666667,78,31.302974264139,31.302974264139,"Yellow", , ,763,65,10236,396.20833333333,19.791666666667,9716.4583333333,156,1,9209,24,24,24,607,64,1027,178.11524827108,20.614429658492,259.74569154341,9509,475,233195,4497221,19175,2267381261
"Image 12_SIM_P1-2.czi",3,10,48013.933691287,49,119.80612244898,148.4387755102,78,31.302974264139,31.302974264139,"Yellow", , ,1092,103,2857,443.24489795918,12.571428571429,1189.9795918367,102,0,288,49,49,49,990,103,2569,275.77176029374,23.794257010184,735.66807760577,21719,616,58309,13277239,34920,95364481
"Image 12_SIM_P1-2.czi",3,11,60752.324262445,62,134.93548387097,171.77419354839,78,31.302974264139,31.302974264139,"Yellow", , ,974,483,4815,412.90322580645,63.645161290323,3793.2580645161,103,0,3257,62,62,62,871,483,1558,213.41322263623,119.68840649091,415.6350438642,25600,3946,235182,13348580,1124988,902643920
"Image 12_SIM_P1-2.czi",3,12,22537.152548972,23,218.5,194.5,78,31.302974264139,31.302974264139,"Yellow", , ,652,1923,7903,457.82608695652,616.52173913044,7098.0869565217,247,27,6132,23,23,23,405,1896,1771,124.32788474394,581.6819553959,522.42380158115,10530,14180,163256,5160972,16186064,1164809670
"Image 12_SIM_P1-2.czi",3,13,24496.904944534,25,199.06,198.42,78,31.302974264139,31.302974264139,"Yellow", , ,600,7,7071,336.8,1.48,6259.48,120,0,5937,25,25,25,480,7,1134,154.87414245122,2.1039645117413,299.23320337155,8420,37,156487,3411520,161,981676219
"Image 12_SIM_P1-2.czi",3,14,26456.657340097,27,195.09259259259,214.53703703704,78,31.302974264139,31.302974264139,"Yellow", , ,748,415,8875,375.11111111111,63.148148148148,7233.037037037,96,0,5876,27,27,27,652,415,2999,184.72585370121,104.32703894068,762.1381603742,10128,1705,195292,4686340,390655,1427656488
"Image 12_SIM_P1-2.czi",15,16,43114.55270238,44,138.45454545455,77.136363636364,78,31.302974264139,31.302974264139,"Fuchsia", , ,4,6240,15197,2.2954545454546,2289.6818181818,10976.659090909,1,505,7344,44,44,44,3,5735,7853,0.95429373505727,1625.2457384529,2237.7475380098,101,100746,482973,271,344257504,5516753075
"Image 12_SIM_P1-2.czi",15,17,15678.019164502,16,129.75,87.9375,78,31.302974264139,31.302974264139,"Fuchsia", , ,12,2753,5688,4.5,1869,5381.875,1,1029,5034,16,16,16,11,1724,654,3.4058772731853,557.54892162034,188.89922357349,72,29904,86110,498,60553488,463968500
"Image 12_SIM_P1-2.czi",15,18,26456.657340097,27,115.90740740741,103.75925925926,78,31.302974264139,31.302974264139,"Fuchsia", , ,126,2757,4957,12.592592592593,1341.7037037037,4087.2592592593,0,535,3363,27,27,27,126,2222,1594,27.351359492663,703.26441109218,444.13949580947,340,36226,110356,23732,61463660,456182340
"Image 12_SIM_P1-2.czi",15,19,25476.781142316,26,128.5,118,78,31.302974264139,31.302974264139,"Fuchsia", , ,0,2637,5142,0,1370.3076923077,3483.6538461539,0,613,2284,26,26,26,0,2024,2858,0,626.85256762532,845.83648265171,0,35628,90575,0,58644926,333417931
"Image 12_SIM_P1-2.czi",15,20,36255.419317911,37,186.98648648649,170.14864864865,78,31.302974264139,31.302974264139,"Fuchsia", , ,9,3475,15537,1.6216216216216,1833.0810810811,13279.918918919,0,624,11147,37,37,37,9,2851,4390,2.6177954184491,850.13676606827,1144.1618567119,60,67824,491357,344,150345262,6572308949
"Image 12_SIM_P1-2.czi",1,2,40472806.473162,41304,133.04551617277,121.04738039899,79,31.302974264139,31.302974264139,"Orange",11,5, , , , , , , , , , , , , , , , , , , , , , , , 
"Image 12_SIM_P1-2.czi",3,4,21557.27635119,22,90.272727272727,33.590909090909,79,31.302974264139,31.302974264139,"Yellow", , ,893,32,7287,506.31818181818,4.6818181818182,6624.3181818182,186,0,5787,22,22,22,707,32,1500,198.86520593073,8.4480843905663,390.76815515373,11139,103,145735,6470373,1981,968601705
"Image 12_SIM_P1-2.czi",3,5,64671.82905357,66,75.909090909091,41.393939393939,79,31.302974264139,31.302974264139,"Yellow", , ,2049,57,5689,600.93939393939,3.4090909090909,5069.2424242424,51,0,4003,66,66,66,1998,57,1686,527.77273310475,9.0213034581437,416.07473665219,39662,225,334570,41939822,6057,1707269120
"Image 12_SIM_P1-2.czi",3,6,21557.27635119,22,175.40909090909,85.454545454546,79,31.302974264139,31.302974264139,"Yellow", , ,693,0,4770,368.63636363636,0,3848.4545454546,83,0,2801,22,22,22,610,0,1969,164.24851828122,0,630.81577774699,8110,0,84666,3556170,0,334189752
"Image 12_SIM_P1-2.czi",3,7,36255.419317911,37,113.41891891892,98.581081081081,79,31.302974264139,31.302974264139,"Yellow", , ,1266,259,5276,438.48648648649,46.486486486487,4106.2432432432,53,1,3107,37,37,37,1213,258,2169,334.34975214101,66.323542670098,587.03550930858,16224,1720,151931,11138436,238314,636271627
"Image 12_SIM_P1-2.czi",3,8,19597.523955627,20,158,132.5,79,31.302974264139,31.302974264139,"Yellow", , ,700,62,10005,394.6,23.5,9467.15,161,1,9151,20,20,20,539,61,854,162.09237132606,21.380020186097,250.19051162117,7892,470,189343,3613388,19730,1793727893
"Image 12_SIM_P1-2.czi",3,9,58792.571866882,60,119.91666666667,148.38333333333,79,31.302974264139,31.302974264139,"Yellow", , ,1303,48,2787,432.76666666667,5.2,1175.7166666667,74,0,357,60,60,60,1229,48,2430,331.63592282914,10.247446974321,670.36046695022,25966,312,70543,17726180,7818,109452187
"Image 12_SIM_P1-2.czi",3,10,30376.162131222,31,213.91935483871,161.04838709677,79,31.302974264139,31.302974264139,"Yellow", , ,694,0,5850,326.70967741936,0,3693.9677419355,103,0,2538,31,31,31,591,0,3312,168.54656993413,0,847.62835739377,10128,0,114513,4161154,0,444561543
"Image 12_SIM_P1-2.czi",3,11,81329.724415854,83,134.8734939759,172.03012048193,79,31.302974264139,31.302974264139,"Yellow", , ,1195,548,4991,409.3734939759,64.33734939759,3837.7831325301,78,0,3264,83,83,83,1117,548,1727,267.62504307166,127.32973108147,442.5755012946,33978,5340,318536,19782792,1673016,1238533680
"Image 12_SIM_P1-2.czi",3,12,15678.019164502,16,219,195,79,31.302974264139,31.302974264139,"Yellow", , ,674,1213,7418,516.375,387.6875,6973,338,26,6310,16,16,16,336,1187,1108,100.65311718968,390.70239633255,323.64754492091,8262,6203,111568,4418256,4694551,779534880
"Image 12_SIM_P1-2.czi",3,13,30376.162131222,31,199.11290322581,199.20967741936,79,31.302974264139,31.302974264139,"Yellow", , ,720,40,6752,373.87096774194,4.9032258064516,5917.2903225806,144,0,5572,31,31,31,576,40,1180,171.30824886453,10.195930033465,334.55385152452,11590,152,183436,5213560,3864,1088801856
"Image 12_SIM_P1-2.czi",3,14,24496.904944534,25,195.34,214.42,79,31.302974264139,31.302974264139,"Yellow", , ,680,351,7964,345.64,67.68,6487.32,88,3,4797,25,25,25,592,348,3167,170.89662567373,92.354714732564,742.45548239159,8641,1692,162183,3687611,319220,1065362783
"Image 12_SIM_P1-2.czi",15,16,18617.647757846,19,199.23684210526,68.131578947368,79,31.302974264139,31.302974264139,"Fuchsia", , ,0,2433,13291,0,1817.6315789474,12362.736842105,0,1146,10749,19,19,19,0,1287,2542,0,389.70105501615,698.24413448666,0,34535,234892,0,65505511,2912683790
"Image 12_SIM_P1-2.czi",15,17,43114.55270238,44,138.38636363636,77.295454545455,79,31.302974264139,31.302974264139,"Fuchsia", , ,9,6571,14701,6.3181818181818,2371.2727272727,10457.454545455,2,526,6796,44,44,44,7,6045,7905,1.7357087858939,1712.1224875172,2161.0601452468,278,104336,460128,1886,373457738,5012585426
"Image 12_SIM_P1-2.czi",15,18,19597.523955627,20,115.75,103.75,79,31.302974264139,31.302974264139,"Fuchsia", , ,60,2562,4355,7.95,1513.3,3711.2,0,714,3191,20,20,20,60,1848,1164,14.897809800172,609.43054524177,339.53785929516,159,30266,74224,5481,52858244,277650542
"Image 12_SIM_P1-2.czi",15,19,26456.657340097,27,128.38888888889,117.98148148148,79,31.302974264139,31.302974264139,"Fuchsia", , ,0,3027,5210,0,1492.7777777778,3535.3703703704,0,556,2339,27,27,27,0,2471,2871,0,744.83303928482,846.99837199681,0,40305,95455,0,74590591,356121341
"Image 12_SIM_P1-2.czi",15,20,42134.676504599,43,187.17441860465,170.47674418605,79,31.302974264139,31.302974264139,"Fuchsia", , ,4,4054,15380,0.53488372093023,1873,12833.627906977,0,538,10646,43,43,43,4,3516,4734,1.0767861619366,1023.8639465048,1268.4944398635,23,80539,551846,61,194878037,7149767508
"Image 12_SIM_P1-2.czi",1,2,40462027.834986,41293,133.07954132662,121.11572179304,80,31.302974264139,31.302974264139,"Orange",9,4, , , , , , , , , , , , , , , , , , , , , , , , 
"Image 12_SIM_P1-2.czi",3,4,19597.523955627,20,90.5,34,80,31.302974264139,31.302974264139,"Yellow", , ,883,12,6652,534.55,1.7,6167.05,266,0,5777,20,20,20,617,12,875,179.53227975404,3.2297954962147,270.6888823957,10691,34,123341,6327279,256,762042291
"Image 12_SIM_P1-2.czi",3,5,74470.591031384,76,76.302631578947,41.052631578947,80,31.302974264139,31.302974264139,"Yellow", , ,2420,257,5575,625.71052631579,10.776315789474,4607.4078947368,26,0,3159,76,76,76,2394,257,2416,612.33443619838,36.860674142582,532.42675058344,47554,819,350163,57876548,110729,1634604639
"Image 12_SIM_P1-2.czi",3,6,17637.771560065,18,175.5,85,80,31.302974264139,31.302974264139,"Yellow", , ,698,0,4943,396.16666666667,0,4203.9444444444,80,0,3359,18,18,18,618,0,1584,171.53056664664,0,488.07888371863,7131,0,75671,3325251,0,322166437
"Image 12_SIM_P1-2.czi",3,7,36255.419317911,37,113.17567567568,98.608108108108,80,31.302974264139,31.302974264139,"Yellow", , ,1119,498,5050,386.02702702703,48.783783783784,3796,55,2,2878,37,37,37,1064,496,2172,294.3576326782,99.780630255447,537.91490446394,14283,1805,140452,8632895,446477,543572480
"Image 12_SIM_P1-2.czi",3,8,18617.647757846,19,17.394736842105,119.92105263158,80,31.302974264139,31.302974264139,"Yellow", , ,662,56,3596,393.31578947368,8.8421052631579,2640.8947368421,142,1,1789,19,19,19,520,55,1807,163.89937720429,13.524722867955,581.62959716996,7473,168,50177,3422783,4778,138601449
"Image 12_SIM_P1-2.czi",3,9,57812.695669101,59,120.0593220339,148.72033898305,80,31.302974264139,31.302974264139,"Yellow", , ,1542,20,2735,490.27118644068,2.5762711864407,1211.5254237288,52,0,394,59,59,59,1490,20,2341,392.9322057218,4.8430661057331,612.73092356051,28926,152,71480,23136536,1752,108375310
"Image 12_SIM_P1-2.czi",3,10,32335.914526785,33,214.07575757576,161.19696969697,80,31.302974264139,31.302974264139,"Yellow", , ,814,0,6022,354.45454545455,0,3727.6363636364,99,0,2658,33,33,33,715,0,3364,200.90250914764,0,835.17613479814,11697,0,123012,5437633,0,480864618
"Image 12_SIM_P1-2.czi",3,11,87208.981602542,89,134.94943820225,172.09550561798,80,31.302974264139,31.302974264139,"Yellow", , ,1372,574,4878,428.76404494382,73.719101123596,3776.191011236,44,0,3211,89,89,89,1328,574,1667,310.07653096644,141.66942866181,425.90286121487,38160,6561,336081,24822612,2249851,1285068657
"Image 12_SIM_P1-2.czi",3,12,24496.904944534,25,199.5,199.5,80,31.302974264139,31.302974264139,"Yellow", , ,798,44,6180,454.92,6.32,5495.24,152,0,5246,25,25,25,646,44,934,175.10209402898,12.375109427126,252.59309834858,11373,158,137381,5909663,4674,756472845
"Image 12_SIM_P1-2.czi",13,14,33315.790724567,34,199,68.205882352941,80,31.302974264139,31.302974264139,"Fuchsia", , ,0,3035,12206,0,1737.2941176471,10946.470588235,0,699,8333,34,34,34,0,2336,3873,0,673.40656049813,951.54121346735,0,59068,372180,0,117583210,4103936636
"Image 12_SIM_P1-2.czi",13,15,40174.924109036,41,138.5,77.353658536585,80,31.302974264139,31.302974264139,"Fuchsia", , ,23,5815,13293,15.073170731707,2207.5853658537,10076.341463415,4,507,6850,41,41,41,19,5308,6443,4.9466667762365,1501.8756102888,1937.7907344416,618,90511,413130,10294,290035973,4313040266
"Image 12_SIM_P1-2.czi",13,16,29396.285933441,30,128.5,118,80,31.302974264139,31.302974264139,"Fuchsia", , ,0,3371,6072,0,1510,3725.2,0,499,2403,30,30,30,0,2872,3669,0,873.20827392735,1021.2138281274,0,45300,111756,0,90515288,446556904
"Image 12_SIM_P1-2.czi",13,17,43114.55270238,44,187.29545454546,170.61363636364,80,31.302974264139,31.302974264139,"Fuchsia", , ,1,4528,15089,0.090909090909091,2022.6818181818,12450.136363636,0,529,10090,44,44,44,1,3999,4999,0.29080336345115,1177.6688398722,1324.7756736986,4,88998,547806,4,239651504,6895725716
"Image 12_SIM_P1-2.czi",1,2,40409114.520306,41239,133.16167947816,121.17681078591,81,31.302974264139,31.302974264139,"Orange",9,5, , , , , , , , , , , , , , , , , , , , , , , , 
"Image 12_SIM_P1-2.czi",3,4,76430.343426947,78,76.410256410256,40.923076923077,81,31.302974264139,31.302974264139,"Yellow", , ,2581,308,5191,666.71794871795,16.589743589744,4238.2820512821,46,0,2849,78,78,78,2535,308,2342,652.01178973955,54.748405870746,530.38750591139,52004,1294,330586,67406192,252266,1422777650
"Image 12_SIM_P1-2.czi",3,5,21557.27635119,22,60,47.863636363636,81,31.302974264139,31.302974264139,"Yellow", , ,653,213,3702,396.77272727273,38.772727272727,2082.8636363636,142,0,552,22,22,22,511,213,3150,143.56612275092,62.385080495246,946.13219128017,8729,853,45823,3896265,114803,114241549
"Image 12_SIM_P1-2.czi",3,6,31356.038329004,32,113,99,81,31.302974264139,31.302974264139,"Yellow", , ,836,200,4538,324.625,26.5,3445.8125,68,2,2657,32,32,32,768,198,1881,215.21298527798,41.550591005463,485.52661383485,10388,848,110266,4808020,75992,387263780
"Image 12_SIM_P1-2.czi",3,7,20577.400153409,21,36.5,122.5,81,31.302974264139,31.302974264139,"Yellow", , ,435,2,8112,350.57142857143,0.95238095238095,6132.5238095238,221,0,4755,21,21,21,214,2,3357,59.780073125224,0.58959227235357,916.96791759841,7362,20,128783,2652380,26,806581417
"Image 12_SIM_P1-2.czi",3,8,66631.581449133,68,120.23529411765,148.44117647059,81,31.302974264139,31.302974264139,"Yellow", , ,1822,13,2603,490.10294117647,1.3088235294118,1207.2647058824,49,0,458,68,68,68,1773,13,2145,459.41962542977,2.803288862391,579.91279883972,33327,89,82094,30475109,643,121641212
"Image 12_SIM_P1-2.czi",3,9,32335.914526785,33,214.04545454546,161.22727272727,81,31.302974264139,31.302974264139,"Yellow", , ,796,0,5769,339.9696969697,0,3779.9696969697,95,0,2772,33,33,33,701,0,2997,198.15058744054,0,722.42705016011,11219,0,124739,5070557,0,488210467
"Image 12_SIM_P1-2.czi",3,10,90148.610195886,92,134.70652173913,172.07608695652,81,31.302974264139,31.302974264139,"Yellow", , ,1507,552,4746,453.15217391304,72.923913043478,3687.2717391304,60,0,3123,92,92,92,1447,552,1623,337.15871420838,136.4146260161,403.65748464117,41690,6709,339229,29236430,2182661,1265656987
"Image 12_SIM_P1-2.czi",3,11,22537.152548972,23,217.67391304348,183.5,81,31.302974264139,31.302974264139,"Yellow", , ,613,2,4558,454.17391304348,1.0434782608696,3861.7826086957,251,0,3408,23,23,23,362,2,1150,103.30653951575,0.63805534595827,337.75366985716,10446,24,88821,4979090,34,345517099
"Image 12_SIM_P1-2.czi",3,12,27436.533537878,28,199.5,199.82142857143,81,31.302974264139,31.302974264139,"Yellow", , ,822,118,5699,435.5,13.214285714286,5185.2142857143,153,0,4899,28,28,28,669,118,800,185.18389258808,26.768357692338,231.84131820147,12194,370,145186,6236400,24236,754271782
"Image 12_SIM_P1-2.czi",13,14,39195.047911255,40,198.925,68.15,81,31.302974264139,31.302974264139,"Fuchsia", , ,1,3708,11046,0.65,1803.325,9741.2,0,645,6755,40,40,40,1,3063,4291,0.48304589153965,895.68791461346,1038.3811661205,26,72133,389648,26,161367259,3837690280
"Image 12_SIM_P1-2.czi",13,15,32335.914526785,33,138.62121212121,77.348484848485,81,31.302974264139,31.302974264139,"Fuchsia", , ,49,4152,12669,29.636363636364,1846.2727272727,9764.0909090909,5,616,7157,33,33,33,44,3536,5512,12.323296489318,1038.8419716422,1602.9353808645,978,60927,322215,33844,147022023,3228357411
"Image 12_SIM_P1-2.czi",13,16,31356.038329004,32,128.65625,118.125,81,31.302974264139,31.302974264139,"Fuchsia", , ,0,3633,5930,0,1519.4375,3852.25,0,422,2481,32,32,32,0,3211,3449,0,969.76485136114,1006.5746450855,0,48622,123272,0,103031850,506283530
"Image 12_SIM_P1-2.czi",13,17,21557.27635119,22,37.636363636364,140.04545454546,81,31.302974264139,31.302974264139,"Fuchsia", , ,0,2006,7964,0,1220.4090909091,5738.1363636364,0,659,4085,22,22,22,0,1347,3879,0,419.62848183907,1116.7469890993,0,26849,126239,0,36464613,750566197
"Image 12_SIM_P1-2.czi",13,18,45074.305097943,46,187.5652173913,171,81,31.302974264139,31.302974264139,"Fuchsia", , ,0,5120,14504,0,2150.5434782609,11856.739130435,0,509,9631,46,46,46,0,4611,4873,0,1363.5445754279,1344.1882711185,0,98925,545410,0,296408935,6548091984
"Image 12_SIM_P1-2.czi",1,2,40339543.310263,41168,133.37334823164,121.06886416634,82,31.302974264139,31.302974264139,"Orange",7,5, , , , , , , , , , , , , , , , , , , , , , , , 
"Image 12_SIM_P1-2.czi",3,4,82309.600613635,84,76.511904761905,40.726190476191,82,31.302974264139,31.302974264139,"Yellow", , ,2417,724,5024,617.46428571429,40.714285714286,3897.3095238095,49,0,2568,84,84,84,2368,724,2456,612.87457091397,129.65176448635,563.05479149143,51867,3420,327374,63202085,1534438,1302191356
"Image 12_SIM_P1-2.czi",3,5,24496.904944534,25,60.06,48.42,82,31.302974264139,31.302974264139,"Yellow", , ,654,147,3610,369.32,23.24,1900.76,141,1,464,25,25,25,513,146,3146,155.99431613577,34.122670860685,880.68492663381,9233,581,47519,3993953,41447,108936757
"Image 12_SIM_P1-2.czi",3,6,28416.40973566,29,35.706896551724,122.63793103448,82,31.302974264139,31.302974264139,"Yellow", , ,488,4,8304,365.65517241379,1.2758620689655,6091.724137931,193,0,4497,29,29,29,295,4,3807,74.664141260365,1.0315228591103,1024.3974499519,10604,37,176660,4033500,77,1105546910
"Image 12_SIM_P1-2.czi",3,7,60752.324262445,62,120.20967741936,148.53225806452,82,31.302974264139,31.302974264139,"Yellow", , ,2141,12,2337,594.11290322581,0.96774193548387,1157.2419354839,56,0,529,62,62,62,2085,12,1808,547.2532636585,2.4019646462467,453.06959207363,36835,60,71749,40152803,410,95552547
"Image 12_SIM_P1-2.czi",3,8,83289.476811416,85,134.91176470588,172.11176470588,82,31.302974264139,31.302974264139,"Yellow", , ,1639,474,4601,495.03529411765,59.588235294118,3554.4823529412,79,0,2987,85,85,85,1560,474,1614,375.28996557769,117.68544576819,382.70663922734,42078,5065,302131,32660870,1465203,1086222315
"Image 12_SIM_P1-2.czi",3,9,36255.419317911,37,218.04054054054,183.58108108108,82,31.302974264139,31.302974264139,"Yellow", , ,740,8,4730,432.02702702703,2.027027027027,3995.7297297297,172,0,3381,37,37,37,568,8,1349,157.98461361202,2.0478509940163,405.61932404169,15985,75,147842,7804481,303,596659648
"Image 12_SIM_P1-2.czi",3,10,30376.162131222,31,199.5,199.5,82,31.302974264139,31.302974264139,"Yellow", , ,793,84,5411,389,8.7741935483871,4904.6129032258,119,0,4545,31,31,31,674,84,866,186.51952534074,18.490916107501,231.79943592387,12059,272,152043,5734637,12644,747323989
"Image 12_SIM_P1-2.czi",11,12,43114.55270238,44,198.75,68.295454545455,82,31.302974264139,31.302974264139,"Fuchsia", , ,4,4442,10008,2.0909090909091,1871.2727272727,8797.9318181818,0,570,6513,44,44,44,4,3872,3495,1.2907214823624,1104.4520974302,877.84218525876,92,82336,387109,264,206525132,3438894685
"Image 12_SIM_P1-2.czi",11,13,19597.523955627,20,138.55,77.4,82,31.302974264139,31.302974264139,"Fuchsia", , ,84,2326,11194,50.4,1400.25,9448.15,19,635,7706,20,20,20,65,1691,3488,18.944239507732,486.40906274019,1112.4236827756,1008,28005,188963,57622,43709283,1808863011
"Image 12_SIM_P1-2.czi",11,14,31356.038329004,32,128.6875,118,82,31.302974264139,31.302974264139,"Fuchsia", , ,0,3673,5897,0,1510.125,3892.21875,0,404,2572,32,32,32,0,3269,3325,0,992.82398628455,971.80187594422,0,48324,124551,0,103531964,514056103
"Image 12_SIM_P1-2.czi",11,15,22537.152548972,23,37.673913043478,140.5,82,31.302974264139,31.302974264139,"Fuchsia", , ,0,2325,7675,0,1353.6956521739,5888.4347826087,0,621,4417,23,23,23,0,1704,3258,0,520.35192940431,1058.0627162236,0,31135,135434,0,48104169,822123204
"Image 12_SIM_P1-2.czi",11,16,48013.933691287,49,187.76530612245,171.17346938776,82,31.302974264139,31.302974264139,"Fuchsia", , ,0,5818,13973,0,2256.4693877551,11279.612244898,0,502,8964,49,49,49,0,5316,5009,0,1560.4671055761,1312.4966954931,0,110567,552701,0,366373815,6316940051
"Image 12_SIM_P1-2.czi",1,2,40270951.976419,41098,133.68197965838,121.05440654046,83,31.302974264139,31.302974264139,"Orange",7,4, , , , , , , , , , , , , , , , , , , , , , , , 
"Image 12_SIM_P1-2.czi",3,4,83289.476811416,85,76.629411764706,40.547058823529,83,31.302974264139,31.302974264139,"Yellow", , ,1939,667,4686,539.68235294118,42.988235294118,3595.3294117647,36,0,2325,85,85,85,1903,667,2361,503.8656333494,123.80557858399,571.43258545509,45873,3654,305603,46082817,1444616,1126172411
"Image 12_SIM_P1-2.czi",3,5,19597.523955627,20,60.45,48.6,83,31.302974264139,31.302974264139,"Yellow", , ,583,117,3199,357.1,25.3,1794.1,131,1,607,20,20,20,452,116,2592,142.59840554213,29.23246212869,736.73025128462,7142,506,35882,2936760,29038,74688554
"Image 12_SIM_P1-2.czi",3,6,29396.285933441,30,35.266666666667,123.36666666667,83,31.302974264139,31.302974264139,"Yellow", , ,541,17,7509,365.66666666667,2.3666666666667,5486.9333333333,153,0,4148,30,30,30,388,17,3361,103.30314724095,3.4788358470291,871.04930512229,10970,71,164608,4320838,519,925196202
"Image 12_SIM_P1-2.czi",3,7,64671.82905357,66,120.45454545455,148.57575757576,83,31.302974264139,31.302974264139,"Yellow", , ,2462,12,2677,625.24242424242,0.78787878787879,1223.0151515152,38,0,593,66,66,66,2424,12,2084,632.46377970128,2.2567175039809,470.67785790363,41266,52,80719,51801932,372,113120507
"Image 12_SIM_P1-2.czi",3,8,93088.23878923,95,135.48947368421,172.44736842105,83,31.302974264139,31.302974264139,"Yellow", , ,1837,351,4463,466.68421052632,39,3489.3578947368,28,0,2816,95,95,95,1809,351,1647,416.27564167799,84.290026163469,437.62560302278,44335,3705,331489,36979273,812347,1174686279
"Image 12_SIM_P1-2.czi",3,9,39195.047911255,40,218,183.65,83,31.302974264139,31.302974264139,"Yellow", , ,886,13,4754,460.725,3.375,3969.925,116,0,3375,40,40,40,770,13,1379,207.15347803389,3.3869091877631,382.15967850075,18429,135,158797,10164291,903,636107975
"Image 12_SIM_P1-2.czi",3,10,31356.038329004,32,199.5625,199.59375,83,31.302974264139,31.302974264139,"Yellow", , ,719,47,5085,340.9375,5.375,4626.96875,105,0,4217,32,32,32,614,47,868,172.00242637073,10.310502005863,236.40294801598,10910,172,148063,4636758,4220,686815351
"Image 12_SIM_P1-2.czi",11,12,40174.924109036,41,198.5,68.256097560976,83,31.302974264139,31.302974264139,"Fuchsia", , ,8,5021,9005,4.5121951219512,2056.8292682927,7917.9756097561,0,539,5968,41,41,41,8,4482,3037,2.3677199076275,1248.7525155618,747.84401741957,185,84330,324637,1059,235827726,2592838675
"Image 12_SIM_P1-2.czi",11,13,27436.533537878,28,128.71428571429,118,83,31.302974264139,31.302974264139,"Fuchsia", , ,0,3313,5455,0,1483,3811.3928571429,0,484,2666,28,28,28,0,2829,2789,0,885.27857093016,770.18195730262,0,41524,106719,0,82740482,422763901
"Image 12_SIM_P1-2.czi",11,14,23517.028746753,24,37.791666666667,140.5,83,31.302974264139,31.302974264139,"Fuchsia", , ,0,2418,7324,0,1367.5416666667,5638.5833333333,0,674,4273,24,24,24,0,1744,3051,0,540.18933711018,960.06620771091,0,32821,135326,0,51595589,784246652
"Image 12_SIM_P1-2.czi",11,15,48013.933691287,49,187.76530612245,171.17346938776,83,31.302974264139,31.302974264139,"Fuchsia", , ,0,6436,13346,0,2406.3469387755,10817.734693878,0,528,8552,49,49,49,0,5908,4794,0,1710.6930436598,1243.5974994532,0,117911,530069,0,424205367,5808379479
"Image 12_SIM_P1-2.czi",1,2,40229797.176112,41056,134.05782346064,120.9091728371,84,31.302974264139,31.302974264139,"Orange",5,4, , , , , , , , , , , , , , , , , , , , , , , , 
"Image 12_SIM_P1-2.czi",3,4,74470.591031384,76,76.934210526316,40.342105263158,84,31.302974264139,31.302974264139,"Yellow", , ,1317,516,4348,468.64473684211,37.815789473684,3363.3552631579,41,0,2115,76,76,76,1276,516,2233,356.42464201931,99.80042892711,546.35840993368,35617,2874,255615,26219609,855692,882112119
"Image 12_SIM_P1-2.czi",3,5,31356.038329004,32,34.84375,123.03125,84,31.302974264139,31.302974264139,"Yellow", , ,564,8,7658,347.15625,1.75,5494.15625,154,0,3991,32,32,32,410,8,3667,118.23871681148,1.9674775073519,1000.309923244,11109,56,175813,4289951,218,996963311
"Image 12_SIM_P1-2.czi",3,6,68591.333844696,70,121.24285714286,148.45714285714,84,31.302974264139,31.302974264139,"Yellow", , ,2689,11,2619,633.94285714286,0.78571428571429,1343.8142857143,34,0,651,70,70,70,2655,11,1968,695.8640939631,2.1120280599178,496.89783433214,44376,55,94067,61543500,351,143445193
"Image 12_SIM_P1-2.czi",3,7,86229.10540476,88,135.95454545455,172.57954545455,84,31.302974264139,31.302974264139,"Yellow", , ,2033,203,4309,500.31818181818,20.329545454546,3372.6136363636,40,0,2679,88,88,88,1993,203,1630,468.44424699124,45.90312677876,441.30557171647,44028,1789,296790,41119290,219687,1017901304
"Image 12_SIM_P1-2.czi",3,8,52913.314680194,54,218.01851851852,183.77777777778,84,31.302974264139,31.302974264139,"Yellow", , ,1052,32,4733,426.92592592593,6.7222222222222,4031.8333333333,84,0,3379,54,54,54,968,32,1354,268.08530407048,7.1147380032821,397.21847750064,23054,363,217719,13651446,5123,886169195
"Image 12_SIM_P1-2.czi",9,10,40174.924109036,41,198.35365853659,68.329268292683,84,31.302974264139,31.302974264139,"Fuchsia", , ,13,5095,8076,7.609756097561,1977.0243902439,7079.5609756098,0,542,5232,41,41,41,13,4553,2844,3.7541846570227,1273.8233489736,659.49575619486,312,81058,290262,2938,225158680,2072324914
"Image 12_SIM_P1-2.czi",9,11,15678.019164502,16,128.5,118,84,31.302974264139,31.302974264139,"Fuchsia", , ,0,2519,4471,0,1579.9375,3595.1875,0,982,2907,16,16,16,0,1537,1564,0,542.6281069941,488.1628442436,0,25279,57523,0,44355919,210380515
"Image 12_SIM_P1-2.czi",9,12,22537.152548972,23,37.673913043478,140.5,84,31.302974264139,31.302974264139,"Fuchsia", , ,0,2182,6920,0,1248.3043478261,5394.7826086957,0,590,4121,23,23,23,0,1592,2799,0,473.4793299494,887.83326426663,0,28711,124080,0,40772085,686726080
"Image 12_SIM_P1-2.czi",9,13,47034.057493506,48,187.70833333333,171.3125,84,31.302974264139,31.302974264139,"Fuchsia", , ,0,6443,12304,0,2425.6666666667,10243.145833333,0,532,8139,48,48,48,0,5911,4165,0,1715.2854155322,1080.4318874351,0,116432,491671,0,420708812,5091122409
"Image 12_SIM_P1-2.czi",1,2,40205300.271167,41031,134.18131412834,120.88868172845,85,31.302974264139,31.302974264139,"Orange",4,2, , , , , , , , , , , , , , , , , , , , , , , , 
"Image 12_SIM_P1-2.czi",3,4,54873.067075757,56,77.678571428571,39.767857142857,85,31.302974264139,31.302974264139,"Yellow", , ,786,331,4048,417.03571428571,33.696428571429,3149.0357142857,80,0,1941,56,56,56,706,331,2107,214.63372303749,72.96597454676,508.00261145663,23354,1887,176346,12273172,356407,569513518
"Image 12_SIM_P1-2.czi",3,5,70551.086240259,72,121.25,148.52777777778,85,31.302974264139,31.302974264139,"Yellow", , ,2742,9,2777,609.80555555556,0.81944444444444,1370.0138888889,30,0,696,72,72,72,2712,9,2081,703.81166732819,1.937955862874,486.50612644857,43906,59,98641,61944034,315,151944403
"Image 12_SIM_P1-2.czi",3,6,65651.705251352,67,136.9328358209,172.4552238806,85,31.302974264139,31.302974264139,"Yellow", , ,2158,64,4170,585.64179104478,4.2686567164179,3242.5373134328,51,0,2562,67,67,67,2107,64,1608,540.84601800951,12.35286997637,427.72089201417,39238,286,217250,42285364,11292,716515612
"Image 12_SIM_P1-2.czi",3,7,55852.943273538,57,218.14912280702,184.04385964912,85,31.302974264139,31.302974264139,"Yellow", , ,1221,35,4695,451.75438596491,11.087719298246,4020.1403508772,77,0,3385,57,57,57,1144,35,1310,320.49990420668,9.8330359752839,382.51458602425,25750,632,229148,17385006,12422,929400896
"Image 12_SIM_P1-2.czi",8,9,32335.914526785,33,198.28787878788,68.227272727273,85,31.302974264139,31.302974264139,"Fuchsia", , ,19,4383,7237,11.424242424242,1922.7878787879,6370.0303030303,2,657,5063,33,33,33,17,3726,2174,4.8414247840273,1068.2812058856,569.27247896155,377,63452,210211,5057,158523928,1349420717
"Image 12_SIM_P1-2.czi",8,10,45074.305097943,46,187.86956521739,171.39130434783,85,31.302974264139,31.302974264139,"Fuchsia", , ,0,5738,11657,0,2204.8043478261,9706.2391304348,0,496,7753,46,46,46,0,5242,3904,0,1497.0272857242,969.40282155293,0,101421,446487,0,324462543,4375997973
"Image 12_SIM_P1-2.czi",1,2,40299368.386154,41127,134.32303596178,120.74966566976,86,31.302974264139,31.302974264139,"Orange",3,2, , , , , , , , , , , , , , , , , , , , , , , , 
"Image 12_SIM_P1-2.czi",3,4,64671.82905357,66,121.37878787879,148.34848484849,86,31.302974264139,31.302974264139,"Yellow", , ,2491,8,2486,573.16666666667,0.78787878787879,1373.3484848485,38,0,740,66,66,66,2453,8,1746,638.34511002058,1.7321853828232,441.96538299611,37829,52,90641,48168813,236,137178351
"Image 12_SIM_P1-2.czi",3,5,60752.324262445,62,137.79032258065,172.48387096774,86,31.302974264139,31.302974264139,"Yellow", , ,2108,3,4275,576.09677419355,0.14516129032258,3233.3225806452,22,0,2467,62,62,62,2086,3,1808,549.71610287485,0.59634884151148,466.55352245784,35718,9,200466,39010480,23,661449248
"Image 12_SIM_P1-2.czi",3,6,55852.943273538,57,218.13157894737,184.16666666667,86,31.302974264139,31.302974264139,"Yellow", , ,1363,61,4734,482.89473684211,16.087719298246,3961.701754386,90,0,3383,57,57,57,1273,61,1351,361.40216440427,16.488394946744,362.82408984994,27525,917,225817,20605923,29977,901991519
"Image 12_SIM_P1-2.czi",7,8,26456.657340097,27,198.09259259259,68.425925925926,86,31.302974264139,31.302974264139,"Fuchsia", , ,24,3040,6508,16.148148148148,1528.4444444444,5752.037037037,7,498,4522,27,27,27,17,2542,1986,5.2528651793657,708.27267311903,474.02275841839,436,41268,155305,7758,76118750,899162249
"Image 12_SIM_P1-2.czi",7,9,37235.295515692,38,187.39473684211,171.28947368421,86,31.302974264139,31.302974264139,"Fuchsia", , ,0,4297,11010,0,1916.5789473684,9330.9736842105,0,569,7600,38,38,38,0,3728,3410,0,1064.2154991984,883.81380229469,0,72830,354577,0,181488966,3337450349
"Image 12_SIM_P1-2.czi",1,2,40405195.015515,41235,134.8329210622,120.67688856554,87,31.302974264139,31.302974264139,"Orange",3,1, , , , , , , , , , , , , , , , , , , , , , , , 
"Image 12_SIM_P1-2.czi",3,4,40174.924109036,41,121.06097560976,148.42682926829,87,31.302974264139,31.302974264139,"Yellow", , ,1882,4,2110,639.65853658537,0.65853658536585,1352.0243902439,91,0,786,41,41,41,1791,4,1324,493.9300866396,1.2167529761123,323.79542058257,26226,27,55433,26534362,77,79140507
"Image 12_SIM_P1-2.czi",3,5,59772.448064663,61,137.20491803279,172.43442622951,87,31.302974264139,31.302974264139,"Yellow", , ,1807,4,3918,507.45901639344,0.19672131147541,3049.8852459016,57,0,2423,61,61,61,1750,4,1495,465.66037601706,0.70284356085707,411.90561614528,30955,12,186043,28718769,32,577589775
"Image 12_SIM_P1-2.czi",3,6,54873.067075757,56,218.33928571429,184.35714285714,87,31.302974264139,31.302974264139,"Yellow", , ,1424,87,4692,486.80357142857,20.607142857143,3875.375,62,0,3357,56,56,56,1362,87,1335,378.78424751939,24.058775432775,342.76721825328,27261,1154,217021,21162015,55616,847499673
"Image 12_SIM_P1-2.czi",7,8,25476.781142316,26,186.69230769231,171.11538461539,87,31.302974264139,31.302974264139,"Fuchsia", , ,0,2623,10391,0,1537.7307692308,8970.5,0,673,7548,26,26,26,0,1950,2843,0,601.936046948,784.79109322163,0,39981,233233,0,70538189,2107614053
"Image 12_SIM_P1-2.czi",1,2,40534538.673622,41367,135.01920613049,120.62674353954,88,31.302974264139,31.302974264139,"Orange",3,0, , , , , , , , , , , , , , , , , , , , , , , , 
"Image 12_SIM_P1-2.czi",3,4,36255.419317911,37,121.04054054054,148.41891891892,88,31.302974264139,31.302974264139,"Yellow", , ,1147,6,2031,425.02702702703,0.72972972972973,1411.945945946,75,0,860,37,37,37,1072,6,1171,296.77979926075,1.3259933100353,290.16297584729,15726,27,52242,9854792,83,76793884
"Image 12_SIM_P1-2.czi",3,5,44094.428900162,45,137.61111111111,172.36666666667,88,31.302974264139,31.302974264139,"Yellow", , ,1306,0,3783,474.26666666667,0,2978.9555555556,94,0,2410,45,45,45,1212,0,1373,336.28068633212,0,374.89531602809,21342,0,134053,15097526,0,405521975
"Image 12_SIM_P1-2.czi",3,6,45074.305097943,46,218.45652173913,184.30434782609,88,31.302974264139,31.302974264139,"Yellow", , ,1318,84,4516,515.76086956522,14.195652173913,3709.7608695652,100,0,3298,46,46,46,1218,84,1218,341.6471984556,20.531406365444,315.39591942563,23725,653,170649,17488953,28239,637543339
"Image 12_SIM_P1-2.czi",1,2,40563934.959555,41397,135.03571514844,120.59331594077,89,31.302974264139,31.302974264139,"Orange",2,0, , , , , , , , , , , , , , , , , , , , , , , , 
"Image 12_SIM_P1-2.czi",3,4,28416.40973566,29,137.91379310345,172.43103448276,89,31.302974264139,31.302974264139,"Yellow", , ,774,0,3511,384.68965517241,0,2888.8275862069,119,0,2353,29,29,29,655,0,1158,184.83488837498,0,334.17596615358,11156,0,83776,5248188,0,245141280
"Image 12_SIM_P1-2.czi",3,5,38215.171713473,39,218.42307692308,184.0641025641,89,31.302974264139,31.302974264139,"Yellow", , ,1049,63,4162,461.41025641026,10.410256410256,3499.1538461539,163,0,3204,39,39,39,886,63,958,261.53078896422,17.035130804061,236.65692895897,17995,406,136467,10902215,15254,479647275
"Image 12_SIM_P1-2.czi",1,2,40706017.008234,41542,135.30090029368,120.48021279669,90,31.302974264139,31.302974264139,"Orange",1,0, , , , , , , , , , , , , , , , , , , , , , , , 
"Image 12_SIM_P1-2.czi",3,4,24496.904944534,25,218.5,184.5,90,31.302974264139,31.302974264139,"Yellow", , ,704,16,3881,401.92,3.48,3332.16,129,0,3068,25,25,25,575,16,813,156.99546702586,5.0507425196698,239.5102085507,10048,87,83304,4630034,915,278959020
"Image 12_SIM_P1-2.czi",1,2,40933348.286119,41774,135.1921290755,120.61911715421,91,31.302974264139,31.302974264139,"Orange",0,0, , , , , , , , , , , , , , , , , , , , , , , , 
"Image 12_SIM_P1-2.czi",1,2,41052893.182248,41896,135.30465915601,120.4706415887,92,31.302974264139,31.302974264139,"Orange",0,0, , , , , , , , , , , , , , , , , , , , , , , , 
"Image 12_SIM_P1-2.czi",1,2,41254747.678991,42102,135.33176571184,120.43176096148,93,31.302974264139,31.302974264139,"Orange",0,0, , , , , , , , , , , , , , , , , , , , , , , , 
"Image 12_SIM_P1-2.czi",1,2,41455622.299536,42307,135.45052828137,120.43634623112,94,31.302974264139,31.302974264139,"Orange",0,0, , , , , , , , , , , , , , , , , , , , , , , , 
"Image 12_SIM_P1-2.czi",1,2,41595744.595819,42450,135.32339222615,120.28930506478,95,31.302974264139,31.302974264139,"Orange",0,0, , , , , , , , , , , , , , , , , , , , , , , , 
"Image 12_SIM_P1-2.czi",1,2,41952419.531812,42814,135.40879151679,120.09660391461,96,31.302974264139,31.302974264139,"Orange",0,0, , , , , , , , , , , , , , , , , , , , , , , , 
"Image 12_SIM_P1-2.czi",1,2,42118998.485434,42984,135.56528010423,120.21054345803,97,31.302974264139,31.302974264139,"Orange",0,0, , , , , , , , , , , , , , , , , , , , , , , , 
"Image 12_SIM_P1-2.czi",1,2,42556023.269645,43430,135.76610637808,119.80621690076,98,31.302974264139,31.302974264139,"Orange",0,0, , , , , , , , , , , , , , , , , , , , , , , , 
"Image 12_SIM_P1-2.czi",1,2,42906818.948451,43788,135.88378094455,119.79014798575,99,31.302974264139,31.302974264139,"Orange",0,0, , , , , , , , , , , , , , , , , , , , , , , , 
"Image 12_SIM_P1-2.czi",1,2,43296809.675168,44186,136.08387271987,119.62202960214,100,31.302974264139,31.302974264139,"Orange",0,0, , , , , , , , , , , , , , , , , , , , , , , , 
"Image 12_SIM_P1-2.czi",1,2,43539818.972217,44434,136.22507539272,119.61329162353,101,31.302974264139,31.302974264139,"Orange",0,0, , , , , , , , , , , , , , , , , , , , , , , , 
"Image 12_SIM_P1-2.czi",1,2,43761270.992916,44660,136.10866547246,119.68828929691,102,31.302974264139,31.302974264139,"Orange",0,0, , , , , , , , , , , , , , , , , , , , , , , , 
