# R script for Peak Model
#  -- generated by MACS
p <- c(0.0402495647634,0.0472634079362,0.0536951894349,0.0607963418588,0.0679848035338,0.0678392881153,0.0679557004501,0.0667042678508,0.0655692475863,0.0659475876745,0.0651618044145,0.0650162889959,0.0645797427404,0.0637939594804,0.0624843207137,0.0621932898766,0.0620477744581,0.0627171453833,0.0633574132248,0.0623388052951,0.0620186713744,0.0617858467047,0.0621932898766,0.0622223929603,0.0630954854714,0.06324100089,0.0640849903174,0.0643469180707,0.0651327013308,0.06559835067,0.0656274537537,0.0657729691723,0.0660057938419,0.0659475876745,0.06559835067,0.0659766907582,0.0656274537537,0.0643469180707,0.0637648563967,0.0637066502292,0.0646379489078,0.0647834643263,0.0648998766611,0.0654237321678,0.065802072256,0.0662095154278,0.066093103093,0.0682176282034,0.0687705867938,0.0691780299657,0.0694108546353,0.0688287929612,0.0680721127849,0.0681012158686,0.0676064634457,0.0672863295249,0.067082607939,0.0655401445026,0.0650744951634,0.06402678415,0.0636484440618,0.0634447224759,0.0637357533129,0.0628335577181,0.0627171453833,0.0624261145462,0.0616694343699,0.0628044546344,0.0627753515507,0.0642887119033,0.0641140934011,0.0641431964848,0.0651618044145,0.0656856599212,0.0661513092604,0.0670535048553,0.0681885251197,0.0677519788642,0.0674027418597,0.067373638776,0.0674318449434,0.0674027418597,0.0663841339301,0.0665296493486,0.0671699171901,0.0668206801856,0.0665296493486,0.0667624740182,0.0669661956042,0.0665005462649,0.0664423400975,0.066587855516,0.067373638776,0.0673445356923,0.0668206801856,0.0666751647671,0.0664423400975,0.0663259277627,0.0662968246789,0.0648707735774,0.0646961550752,0.0637939594804,0.0632118978063,0.0629499700529,0.0627171453833,0.0620186713744,0.0623970114625,0.0618149497884,0.0616403312862,0.0628917638855,0.0623097022114,0.0632992070574,0.0634156193922,0.0633574132248,0.0631245885552,0.0638521656478,0.0641722995685,0.0651035982471,0.0651327013308,0.0653946290841,0.0657438660886,0.0656856599212,0.0653364229167,0.0657147630049,0.0661513092604,0.0660348969256,0.0659184845908,0.0656274537537,0.066093103093,0.0651035982471,0.0646670519915,0.0650744951634,0.0642014026522,0.0642596088196,0.0637066502292,0.0628335577181,0.0628335577181,0.0626880422996,0.0626589392159,0.0629208669692,0.0639103718152,0.063037279304,0.064317814987,0.0639394748989,0.0646670519915,0.0645506396567,0.0639103718152,0.06402678415,0.0641722995685,0.0648998766611,0.0648998766611,0.065307319833,0.0648707735774,0.0653655260004,0.0647252581589,0.0652200105819,0.0665005462649,0.0662968246789,0.0654819383352,0.0651909074982,0.0656274537537,0.0657438660886,0.0663259277627,0.0669079894367,0.0673445356923,0.0677519788642,0.067373638776,0.0678392881153,0.0676646696131,0.0681012158686,0.0674027418597,0.0676355665294,0.0675773603619,0.0671117110227,0.0671990202738,0.0669370925204,0.0666751647671,0.0658893815071,0.0669079894367,0.0657438660886,0.0658311753397,0.0653364229167,0.0650162889959,0.0644924334893,0.0638812687315,0.0641140934011,0.0637648563967,0.0644051242382,0.0635902378944,0.0650453920797,0.0649871859122,0.0657729691723,0.0659475876745,0.0663259277627,0.0672281233575,0.0668206801856,0.0666460616834,0.0662677215952,0.0666751647671,0.0660640000093,0.0663550308464,0.065802072256,0.0658602784234,0.0660640000093,0.0661804123441,0.0672281233575,0.0673445356923,0.0678392881153,0.0677810819479,0.0676937726968,0.0676646696131,0.0683049374546,0.0673154326086,0.0667915771019,0.0661804123441,0.0654819383352,0.065802072256,0.0658893815071,0.0658602784234,0.0662095154278,0.0670244017716,0.0671408141064,0.0680430097012,0.0675482572782,0.0678392881153,0.0684795559568,0.0688578960449,0.0682467312872,0.0677519788642,0.0666460616834,0.06481256741,0.0644342273219,0.0653655260004,0.0664132370138,0.0662095154278,0.0659184845908,0.0655692475863,0.0664132370138,0.0676064634457,0.069643679305,0.0713025550761,0.0708369057369,0.0702257409791,0.0698765039746,0.0696727823887,0.069148926882,0.0700511224768,0.0697018854724,0.0694108546353,0.0679848035338,0.0676355665294,0.0680139066175,0.0687705867938,0.0689452052961,0.0690616176309,0.0700802255605,0.0697018854724,0.0694108546353,0.0694108546353,0.0687996898775,0.0686832775427,0.0697600916398,0.0697891947235,0.0700511224768,0.0696145762213,0.0692071330494,0.0683340405383,0.0687705867938,0.0696727823887,0.0711861427413,0.0704876687324,0.0707495964857,0.0696727823887,0.0694108546353,0.0707495964857,0.0704003594813,0.0715935859132,0.0719719260013,0.0714480704947,0.0715935859132,0.0722338537547,0.0719428229176,0.0719428229176,0.0721465445036,0.071215245825,0.0715935859132,0.0713316581598,0.0708078026532,0.0712734519924,0.0705458748998,0.070924214988,0.0700511224768,0.0705458748998,0.0703712563976,0.0714771735784,0.071709998248,0.0718846167502,0.0726121938428,0.0730196370147,0.0736599048562,0.0744456881162,0.0764829039755,0.0777052334911,0.078607429086,0.0800916863549,0.0809356757823,0.0825363453861,0.084020602655,0.0842243242409,0.0855921691751,0.0864652616862,0.0856503753425,0.0854757568402,0.0869600141092,0.0857667876773,0.085795890761,0.085010107501,0.0842534273247,0.0836713656506,0.0837004687343,0.083729571818,0.0844571489106,0.0848936951662,0.0849227982499,0.0861451277654,0.0861742308492,0.0866689832721,0.0871055295277,0.087571178867,0.0878913127877,0.0878040035366,0.0879495189551,0.0882405497922,0.0878040035366,0.0870182202766,0.087076426444,0.0866107771047,0.0869891171929,0.0874838696159,0.0867562925232,0.0869600141092,0.0876293850344,0.0884151682944,0.0890554361359,0.0899867348144,0.089928528647,0.0903650749026,0.0899576317307,0.0908307242419,0.0908598273256,0.0900449409819,0.0897830132285,0.0895210854752,0.0884442713781,0.0876584881181,0.0876875912018,0.0876584881181,0.086581674021,0.0870182202766,0.0874838696159,0.0882696528759,0.0883860652107,0.0888808176337,0.0890845392196,0.0902195594841,0.0910344458278,0.0912963735812,0.0927515277664,0.0921112599249,0.0921403630086,0.0923440845945,0.0918493321715,0.0911508581626,0.0925187030967,0.0923149815108,0.0923731876782,0.0917620229204,0.0913254766649,0.0912672704974,0.0916165075019,0.0918202290878,0.0922567753434,0.0928388370175,0.0915000951671,0.0919366414227,0.0920821568412,0.0930425586034,0.0938283418634,0.0933335894405,0.0930425586034,0.0939447541983,0.0936828264449,0.0930425586034,0.0935082079427,0.0931589709382,0.0927806308501,0.0928679401012,0.0934208986916,0.0948469497931,0.0948469497931,0.0933335894405,0.0937410326123,0.0938283418634,0.094264888119,0.0953417022161,0.0953708052998,0.0962147947272,0.0955745268857,0.0946432282072,0.0950215682953,0.0963603101457,0.0970005779872,0.0964476193969,0.0975535365776,0.0974953304102,0.0987758660932,0.0992124123488,0.100289226446,0.100813081953,0.101686174464,0.101686174464,0.101453349794,0.103083122481,0.102297339221,0.102530163891,0.101860792966,0.101366040543,0.101744380631,0.101802586798,0.102559266975,0.102297339221,0.10244285464,0.102326442305,0.102471957724,0.102093617636,0.102937607063,0.103374153319,0.102413751556,0.102908503979,0.101948102217,0.102297339221,0.103170431733,0.1032286379,0.102762988561,0.102151823803,0.101948102217,0.101948102217,0.102268236138,0.102588370059,0.102908503979,0.103519668737,0.103257740984,0.103374153319,0.103490565653,0.104538276667,0.10558598768,0.105964327768,0.107681409707,0.107623203539,0.108379883716,0.109107460808,0.109369388562,0.109805934817,0.111610326007,0.111464810588,0.11155211984,0.111144676668,0.108991048474,0.110475305742,0.110184274905,0.109835037901,0.110009656403,0.110708130412,0.111435707505,0.112017769179,0.112570727769,0.112628933937,0.115044489884,0.114753459047,0.115917582395,0.116179510149,0.116295922483,0.116354128651,0.1162668194,0.116237716316,0.115830273144,0.116965293409,0.116063097814,0.115859376228,0.114986283717,0.1162668194,0.11760556125,0.117721973585,0.117896592087,0.119700983277,0.119642777109,0.120428560369,0.121156137462,0.121971023806,0.122989631735,0.122291157726,0.121621786801,0.122087436141,0.122174745392,0.121476271383,