# R script for Peak Model
#  -- generated by MACS
p <- c(0.0370951245174,0.0435350685056,0.0493990825436,0.055367811118,0.0613365396924,0.0603941088649,0.0603417515967,0.0606035379377,0.0605250020354,0.0604988234013,0.0611009319856,0.060943860181,0.0608915029128,0.0611532892537,0.0617030405698,0.0617292192039,0.0614150755947,0.0607344311082,0.0613888969606,0.0618601123744,0.061493611497,0.0614412542288,0.0619124696426,0.062017184179,0.061493611497,0.0616768619357,0.0619124696426,0.0621218987154,0.0619124696426,0.060943860181,0.0608653242787,0.0611009319856,0.0609700388151,0.0607082524741,0.0608915029128,0.0609176815469,0.0606297165718,0.0610747533515,0.0612841824242,0.0613103610583,0.0612580037901,0.0607344311082,0.0607606097423,0.0606558952059,0.0605773593036,0.0610485747174,0.0614412542288,0.060420287499,0.0597658216465,0.0606297165718,0.0605511806695,0.0603155729626,0.0596611071101,0.0597920002806,0.059896714817,0.0599752507193,0.0595563925737,0.060420287499,0.0612056465219,0.060420287499,0.0603417515967,0.060420287499,0.0611532892537,0.0608653242787,0.0610485747174,0.0608653242787,0.0611009319856,0.0613888969606,0.0604988234013,0.0603679302308,0.0608915029128,0.0611794678878,0.060943860181,0.0612841824242,0.0613627183265,0.061231825156,0.0609962174492,0.0607867883764,0.0613365396924,0.0613888969606,0.0617030405698,0.0619910055449,0.0620957200813,0.0624360423246,0.0623575064223,0.0625669354951,0.0627501859337,0.0619386482767,0.0622527918859,0.062540756861,0.0621218987154,0.0620433628131,0.0622266132518,0.0621742559836,0.062017184179,0.0618862910085,0.0621742559836,0.0629857936406,0.0621742559836,0.0623051491541,0.0624098636905,0.062540756861,0.0616245046675,0.0605773593036,0.0598443575488,0.0597134643783,0.0587972121849,0.057226494139,0.0572788514072,0.0573050300413,0.0578024240892,0.056964707798,0.0575668163823,0.058038031796,0.0585354258439,0.0585354258439,0.0591898916964,0.0601846797921,0.0610747533515,0.061231825156,0.0611271106197,0.0615983260334,0.0615459687652,0.0621218987154,0.0632475799816,0.0635879022249,0.0639282244682,0.0637711526636,0.0627763645678,0.0625669354951,0.0619124696426,0.06227897052,0.06227897052,0.0619386482767,0.0616245046675,0.0617815764721,0.0617292192039,0.062540756861,0.0634831876885,0.0632999372498,0.0638235099318,0.0634308304203,0.0639544031023,0.0639544031023,0.0623313277882,0.061755397838,0.0623051491541,0.0624098636905,0.0618862910085,0.0622004346177,0.0615983260334,0.0610747533515,0.0609176815469,0.0613627183265,0.0627501859337,0.0627763645678,0.0621480773495,0.0616768619357,0.0615721473993,0.0610485747174,0.061493611497,0.0616768619357,0.0615197901311,0.0613365396924,0.0617815764721,0.0619910055449,0.0623051491541,0.0626454713974,0.063352294518,0.0640591176387,0.0646088689547,0.0651062630026,0.0654465852459,0.0645826903206,0.0641638321751,0.0639282244682,0.0637187953954,0.0632214013475,0.0631428654452,0.0625931141292,0.0624622209587,0.0627763645678,0.0623051491541,0.0626454713974,0.0626716500315,0.0626716500315,0.062828721836,0.0629072577383,0.0620695414472,0.0626454713974,0.0615459687652,0.0616245046675,0.0617030405698,0.0621218987154,0.0619124696426,0.0620695414472,0.061755397838,0.0622004346177,0.0628549004701,0.0627763645678,0.0630643295429,0.0622527918859,0.0622004346177,0.0622004346177,0.0614674328629,0.062017184179,0.0617030405698,0.0623575064223,0.0624622209587,0.0621480773495,0.0624883995928,0.063614080859,0.0634308304203,0.0634570090544,0.0645303330524,0.0641900108092,0.0639805817364,0.0631952227134,0.0630119722747,0.0625931141292,0.062828721836,0.0627240072997,0.0625931141292,0.0628025432019,0.0619910055449,0.0613888969606,0.061755397838,0.0614150755947,0.0612841824242,0.0619910055449,0.0618339337403,0.0612056465219,0.0624098636905,0.0618862910085,0.0618339337403,0.0623313277882,0.0621480773495,0.0621218987154,0.062017184179,0.0621218987154,0.062540756861,0.0629072577383,0.0620957200813,0.0634570090544,0.0648444766616,0.0643732612478,0.0654465852459,0.0656036570505,0.0653156920754,0.0652895134413,0.0648182980275,0.0645303330524,0.0642161894433,0.0635879022249,0.0627240072997,0.0627501859337,0.0619910055449,0.0621480773495,0.062540756861,0.0629596150065,0.063352294518,0.0639544031023,0.0646612262229,0.064949191198,0.0657083715869,0.0661010510983,0.0669387673895,0.0669911246577,0.0671481964623,0.0672005537305,0.0670434819259,0.0662057656347,0.0667555169508,0.0670173032918,0.0661795870006,0.0666508024144,0.0665199092439,0.0670173032918,0.0679073768511,0.0675408759737,0.0688759863128,0.0698969530426,0.0693210230924,0.0692686658242,0.0700278462131,0.0708917411383,0.0709702770406,0.0706561334315,0.0705514188951,0.0712058847475,0.0703943470905,0.0706823120655,0.071336777918,0.0712058847475,0.0714414924544,0.0709702770406,0.0703943470905,0.0711273488452,0.0711011702111,0.0712058847475,0.0722530301115,0.073195460939,0.074006998596,0.0748447148872,0.0758918602511,0.0773055064924,0.0796354049272,0.080106620341,0.080656371657,0.0811014084367,0.0824626974098,0.0829862700918,0.0837192718465,0.0840857727239,0.0843999163331,0.0846617026741,0.0856564907698,0.086494207061,0.0871486729134,0.0877507814977,0.0869916011088,0.087305744718,0.0878031387659,0.0878293174,0.0879602105705,0.0874104592544,0.0857873839403,0.0858659198426,0.0861538848177,0.0861277061836,0.0865465643292,0.0867036361337,0.0867036361337,0.0862585993541,0.0860229916472,0.0861277061836,0.0868345293042,0.0877769601318,0.0881696396432,0.0891120704708,0.0905780739803,0.090499538078,0.0900021440301,0.0914419689055,0.090761324419,0.092096434758,0.0921749706603,0.0919131843193,0.0916252193442,0.0917037552465,0.0897927149573,0.0888502841298,0.0892691422754,0.0894000354459,0.0909183962236,0.0898450722255,0.0896618217869,0.088902641398,0.088902641398,0.088640855057,0.0888764627639,0.0901330372006,0.0900283226642,0.0895832858846,0.0891120704708,0.0899236081278,0.0903162876393,0.0915466834419,0.0922011492944,0.0931435801219,0.092881793781,0.0921487920262,0.0924891142695,0.0925676501718,0.0927509006105,0.0916775766124,0.0922535065626,0.0906304312485,0.0908136816872,0.0902639303711,0.0909969321259,0.0917561125147,0.0919131843193,0.0915990407101,0.092358221099,0.0934839023652,0.0936409741698,0.0944001545587,0.0941121895836,0.0940860109495,0.0944263331928,0.0950807990452,0.0959185153364,0.0959708726046,0.095290228118,0.0950807990452,0.0945834049973,0.0958399794341,0.0959970512387,0.0957614435318,0.0959185153364,0.0946619408996,0.094478690461,0.0960494085069,0.0964682666524,0.0971227325049,0.0980128060642,0.0975677692846,0.0975677692846,0.0978033769914,0.097960448796,0.0989028796236,0.0981436992347,0.0973321615777,0.0975154120164,0.0973845188459,0.0981436992347,0.0981436992347,0.0992693805009,0.0996358813783,0.0994264523055,0.0998714890852,0.10073538401,0.102096672984,0.102489352495,0.1026464243,0.102803496104,0.103274711518,0.102829674738,0.103693569664,0.103981534639,0.104688357759,0.105866396294,0.10539518088,0.106154361269,0.106285254439,0.106651755317,0.107044434828,0.108484259704,0.108510438338,0.10903401102,0.10916490419,0.108772224679,0.109112546922,0.109060189654,0.109924084579,0.110342942725,0.110238228188,0.110107335018,0.110081156384,0.110028799115,0.109112546922,0.109636119604,0.110447657261,0.111259194918,0.111049765845,0.111259194918,0.11280373433,0.112306340282,0.113432021548,0.114243559205,0.115761919983,0.115788098617,0.115264525935,0.116049884958,0.116547279006,0.115814277251,0.115238347301,0.116337849933,0.116494921738,0.117437352565,0.117960925247,0.118248890222,0.119453107391,0.119453107391,0.121233254509,0.121311790412,0.122673079385,0.123039580262,0.123275187969,0.123929653822,0.124191440163,0.124924441917,0.125421835965,0.125866872745,0.125631265038,0.127123447182,0.126259552256,0.127542305327,0.128563272057,0.130029275567,0.129976918298,0.131181135467,0.131259671369,0.132175923563,0.132778032147,0.133432497999,0.135238823752,0.135762396434,0.136128897311,0.136521576823,0.138825296624,0.13790904443,0.138851475258,0.139401226574,