# R script for Peak Model
#  -- generated by MACS
p <- c(0.0255411991822,0.0303711054378,0.034480618896,0.0388111619625,0.0433136169465,0.0437720487267,0.0439603332079,0.0439848920532,0.0440421960258,0.0436246956545,0.0439275880807,0.0431089599018,0.0430434696475,0.0426669006852,0.0424131259497,0.0419546941695,0.0415208212347,0.0420447432692,0.0418728313516,0.0420283707056,0.041627242898,0.0420693021146,0.0423558219772,0.0426914595305,0.042945234266,0.0429943519567,0.0432481266922,0.0427815086302,0.0425768515855,0.0426014104309,0.042986165675,0.0431908227197,0.0433463620737,0.0434691563005,0.0433954797644,0.0436001368091,0.0436574407817,0.0437065584724,0.043837538981,0.0442304805069,0.0440258234622,0.0436001368091,0.0429697931114,0.0430516559293,0.0429779793932,0.0430025382385,0.0429206754206,0.0432890581012,0.0434527837369,0.0432972443829,0.0433954797644,0.0431744501561,0.0433791072008,0.0432890581012,0.043256312974,0.0433218032283,0.0433054306647,0.0431990090015,0.0432071952833,0.0429534205478,0.0424622436404,0.0427487635031,0.0429943519567,0.0427733223484,0.0428142537574,0.0425768515855,0.0430352833657,0.0426832732488,0.0428224400392,0.0427405772213,0.042945234266,0.04310077362,0.0431498913107,0.0433463620737,0.0430762147746,0.0432890581012,0.0428469988845,0.0430680284928,0.042634155558,0.0430762147746,0.0432972443829,0.0430107245203,0.0425850378673,0.0424704299222,0.0428224400392,0.0426996458123,0.0427978811938,0.0428224400392,0.0432890581012,0.0430025382385,0.042986165675,0.0430598422111,0.0433545483555,0.0434364111734,0.0434445974551,0.043526460273,0.0431990090015,0.0433381757919,0.0429370479842,0.0430434696475,0.0430925873382,0.0431580775925,0.0433872934826,0.043526460273,0.0434609700187,0.0433136169465,0.0436328819363,0.0436165093727,0.0439439606443,0.0437147447542,0.0435346465548,0.043681999627,0.0434527837369,0.0434364111734,0.0433299895101,0.0429779793932,0.0430762147746,0.0428879302935,0.0427569497849,0.0431744501561,0.0433218032283,0.0434282248916,0.043370920919,0.043411852328,0.0440913137165,0.0446479808782,0.044615235751,0.0446561671599,0.0447871476686,0.045081853813,0.0452128343216,0.0448771967683,0.0450491086858,0.044729843696,0.0440994999983,0.0438457252628,0.0437556761631,0.0438866566718,0.0439767057714,0.0434364111734,0.0435510191184,0.0439685194897,0.0439030292353,0.0442795981976,0.0444269512698,0.0446889122871,0.0448280790775,0.0448362653593,0.044729843696,0.0450327361222,0.0452537657306,0.045352001112,0.0454584227753,0.045352001112,0.0452701382941,0.0451637166309,0.0455975895657,0.0457285700743,0.0458022466104,0.0456467072564,0.0458677368647,0.04566307982,0.0459987173734,0.0464571491536,0.0466045022258,0.0464244040264,0.0459414134008,0.0460232762187,0.0458513643012,0.0460805801913,0.0454174913663,0.045548471875,0.0453110697031,0.0449672458679,0.045040922404,0.045237393167,0.0457121975107,0.0458022466104,0.0456958249472,0.0453683736756,0.0456385209746,0.0455320993114,0.0456958249472,0.046244305827,0.0463671000539,0.0465308256897,0.0462115606999,0.0461460704456,0.0466699924801,0.0467354827344,0.0465881296622,0.0467927867069,0.0474149441229,0.0471202379785,0.0471693556692,0.0469728849063,0.0474313166865,0.0475295520679,0.0469565123427,0.047333081305,0.0478733759031,0.0478324444941,0.0473412675868,0.0471693556692,0.047758767958,0.0480534741025,0.0477915130852,0.047914307312,0.0485610235734,0.0485937687005,0.0483318076833,0.0486019549823,0.0483154351197,0.0485855824187,0.0482499448654,0.0484136705012,0.0485446510098,0.0480371015389,0.0480616603842,0.0480862192296,0.0485282784462,0.0481353369203,0.0483891116558,0.0483563665287,0.0486592589549,0.0485282784462,0.0488966611267,0.0493223477798,0.049273230089,0.049739848151,0.0494123968795,0.0495351911063,0.04978077956,0.0493632791887,0.0486510726731,0.0489948965082,0.0486838178002,0.0487820531817,0.0488557297178,0.0484955333191,0.0486101412641,0.0490276416354,0.0490194553536,0.049273230089,0.0496416127696,0.0493632791887,0.0496907304603,0.0495515636699,0.0496579853331,0.0497562207146,0.0496579853331,0.0497152893057,0.0498708286596,0.0500345542954,0.0501900936494,0.0501327896769,0.0497644069964,0.0500018091683,0.0500591131408,0.0501655348041,0.0507222019657,0.0502146524948,0.049936318914,0.0500018091683,0.0499117600686,0.0502392113402,0.050476613512,0.0503128878763,0.0507303882475,0.0505666626117,0.050476613512,0.0510169081101,0.0514917124539,0.0518273500073,0.0515735752718,0.0515817615536,0.0513771045089,0.0512297514367,0.0507713196565,0.0510169081101,0.0511970063095,0.0513689182271,0.0511806337459,0.0513607319453,0.0520647521791,0.0524249485779,0.0527114684405,0.0536283320009,0.0540949500629,0.0543405385165,0.0545288229977,0.0543405385165,0.0544469601798,0.0544469601798,0.054479705307,0.0543159796712,0.0548317154239,0.055060931314,0.0552737746405,0.0559696085926,0.0570501977888,0.0583354440297,0.059759857061,0.0614707899549,0.0629934383677,0.0650563813786,0.0674549619428,0.069386924445,0.0715317302738,0.0732917808585,0.0740612913467,0.0756248711684,0.0772048235537,0.0782281087773,0.0788830113205,0.0793005116917,0.0789976192655,0.0788011485026,0.0786537954304,0.078784775939,0.0796034041179,0.0791777174649,0.0789239427294,0.0787274719665,0.0791449723377,0.0797835023173,0.0802583066611,0.0809786994585,0.081543552902,0.0822885045448,0.0824931615895,0.0835000742496,0.0840894865384,0.0850718403531,0.0854893407243,0.0855712035422,0.0862506649307,0.0868728223467,0.0872739501544,0.0876423328349,0.0882317451237,0.0882644902509,0.0882726765327,0.0879042938522,0.0886246866496,0.0890094418937,0.0893941971378,0.0902210115985,0.0911215025953,0.0909414043959,0.0915799343755,0.0920629250011,0.0934054752145,0.0945761135103,0.0947807705551,0.095558467325,0.0957958694969,0.0956812615519,0.0960905756413,0.0969992529199,0.0974167532912,0.0985628327417,0.0984072933877,0.0991768038758,0.0996843533468,0.100118226282,0.100945040742,0.101739110076,0.102606855946,0.103572837197,0.103949406159,0.10445695563,0.10546386829,0.105226466118,0.106159702242,0.107068379521,0.107485879892,0.107993429363,0.108124409871,0.108427302298,0.108844802669,0.109344165858,0.110048186092,0.111333432333,0.112029266285,0.112225737048,0.112962502409,0.113650150079,0.114943582602,0.115786769626,0.116842799977,0.117072015867,0.117301231757,0.117604124183,0.117522261365,0.118168977627,0.119175890287,0.119437851304,0.119126772596,0.119437851304,0.119339615923,0.120297410892,0.120313783455,0.120870450617,0.121091480225,0.121328882397,0.121582657133,0.12239309903,0.122949766192,0.123743835525,0.124431483195,0.123956678852,0.124832611003,0.125692170591,0.127051093368,0.127918839238,0.127779672447,0.127845162702,0.128671977162,0.128999428434,0.129351438551,0.130358351211,0.130923204654,0.130661243637,0.130702175046,0.130964136063,0.132486784476,0.133534628545,0.133657422772,0.133984874043,0.134615217741,0.135736738346,0.136489876271,0.137979779557,0.139076741316,0.139993604877,0.140001791158,0.140533899475,0.141950126224,0.142768754403,0.143767480781,0.145052727022,0.146059639682,0.146215179036,0.147017434652,0.148286308329,0.149530623161,0.150889545938,0.151945576289,0.152780577031,0.154319598008,0.154573372743,0.15533469695,0.156767296263,0.15826538583,0.158862984401,0.159223180799,0.159567004635,0.160410191659,0.161973771481,0.162653232869,0.163733822065,0.16563303944,0.166689069791,0.168350884994,0.169848974562,0.171592652583,0.174425106082,0.17661084332,0.177994324942,0.1796315813,0.181334327912,0.182243005191,0.18352006515,0.183307221823,0.184829870236,0.186499871721,0.187244823364,0.188440020505,0.190028159172,0.191157866059,0.19322080907,0.195652134761,0.197829685717,0.20081767857,0.202291209292,0.204665231011,0.205794937898,0.206695428895,0.208144400772,0.210526608772,0.212311218202,0.212704159728,0.214464210313,0.216486221915,0.218909361324,0.220219166411,0.222339413394,0.224336866151,0.226407995443,0.228691968062,0.230198243912,0.232932462029,0.234397806469,0.236771828188,0.238368153137,0.240447468712,0.242387617496,0.244090364108,