# R script for Peak Model
#  -- generated by MACS
p <- c(0.0404255657642,0.0473603247752,0.0541319129859,0.0609850865968,0.0676954857574,0.0680014310079,0.0681442054581,0.0684705470587,0.0684501507086,0.0684705470587,0.0681849981582,0.0682053945082,0.0689600594594,0.0685113397587,0.0689600594594,0.0685929251589,0.0689192667594,0.0684093580086,0.0681849981582,0.068062620058,0.0687153032591,0.0687764923091,0.0692660047099,0.0697759134607,0.0696127426605,0.0701634441113,0.0701430477613,0.0702450295115,0.0707141455622,0.0707957309624,0.0701430477613,0.0704897857119,0.0698167061608,0.0703266149116,0.0704693893618,0.0703674076117,0.0707957309624,0.0711016762128,0.0713464324132,0.071835944814,0.0721826827646,0.0717543594139,0.0717135667138,0.0717135667138,0.0717543594139,0.071224054313,0.0703266149116,0.0708569200124,0.0703062185616,0.0704693893618,0.0709181090625,0.0710200908127,0.0715299995635,0.0716931703638,0.0721214937145,0.0720603046644,0.0727129878654,0.0723866462649,0.0718971338641,0.0716319813137,0.071815548464,0.0720603046644,0.0711220725629,0.069939084261,0.0699798769611,0.0706733528622,0.0714892068635,0.0712852433631,0.072468231665,0.0722030791146,0.0721826827646,0.0717339630638,0.0723050608647,0.0732432929662,0.0734268601165,0.0732228966162,0.0731413112161,0.0732025002662,0.0722234754646,0.0725702134152,0.0720195119643,0.0719583229142,0.0710608835128,0.0704285966618,0.0702450295115,0.0702450295115,0.069939084261,0.0704082003117,0.0710200908127,0.0705305784119,0.0700206696611,0.0700614623612,0.0710200908127,0.0706121638121,0.070550974762,0.0704082003117,0.0691232302597,0.0685725288088,0.0681646018082,0.0681238091081,0.0682053945082,0.0676139003573,0.0677158821075,0.068042223708,0.0675935040073,0.067430333207,0.0679606383079,0.0674711259071,0.0681646018082,0.0682053945082,0.0690008521595,0.0693679864601,0.0685113397587,0.0688784740593,0.068654114209,0.0691436266097,0.06930679741,0.0704082003117,0.0698982915609,0.0708365236624,0.0707141455622,0.071183261613,0.0717339630638,0.0716523776637,0.0720399083143,0.0713260360632,0.0711424689129,0.0703674076117,0.0711016762128,0.0700206696611,0.0702654258615,0.0704897857119,0.0698778952109,0.0702246331614,0.0703470112616,0.0708977127125,0.0704897857119,0.0707345419123,0.0704693893618,0.071183261613,0.0711628652629,0.0703878039617,0.0716319813137,0.0717951521139,0.0709792981126,0.0705305784119,0.0714280178134,0.0710608835128,0.071203657963,0.0709385054126,0.0702246331614,0.0712444506631,0.0701838404614,0.06928640106,0.0697147244106,0.0701838404614,0.0701430477613,0.0704489930118,0.0698574988609,0.0706937492122,0.0711220725629,0.070591767462,0.071203657963,0.0710608835128,0.070550974762,0.0694087791602,0.0701634441113,0.0701838404614,0.0701838404614,0.0704489930118,0.0706733528622,0.0709589017626,0.0711220725629,0.0723254572148,0.072488628015,0.0736512199669,0.0729373477158,0.0729985367658,0.073080122166,0.0716523776637,0.0715911886136,0.0722234754646,0.0718971338641,0.0713260360632,0.0719583229142,0.0718767375141,0.0717543594139,0.0713872251133,0.071183261613,0.0714280178134,0.0715299995635,0.0710200908127,0.0709181090625,0.0711220725629,0.0714076214633,0.0709792981126,0.070550974762,0.0713872251133,0.0714280178134,0.0719583229142,0.0711628652629,0.0714892068635,0.0715911886136,0.0711016762128,0.0702246331614,0.0707549382623,0.0707957309624,0.0701226514113,0.0707345419123,0.0707753346123,0.0705101820619,0.0697351207607,0.0692456083599,0.0693679864601,0.0700818587112,0.0698574988609,0.0704285966618,0.070591767462,0.0701430477613,0.0692048156598,0.070550974762,0.0708161273124,0.0711220725629,0.0720603046644,0.0715911886136,0.0722030791146,0.0732025002662,0.0734064637665,0.0736920126669,0.0748953973189,0.0744058849181,0.0746710374685,0.0743039031679,0.0738143907671,0.0733452747164,0.0736920126669,0.0727129878654,0.072468231665,0.0726721951653,0.0730189331159,0.0728149696156,0.072468231665,0.0733044820163,0.0734268601165,0.0744874703182,0.074324299518,0.0748342082688,0.0752013425693,0.0747934155687,0.074324299518,0.0748953973189,0.0754257024197,0.0748342082688,0.0752421352694,0.0751401535192,0.0750789644692,0.0747730192187,0.0745894520684,0.0744874703182,0.0741611287177,0.0741611287177,0.0739367688673,0.074324299518,0.0736920126669,0.0734880491666,0.0735492382167,0.0736308236169,0.0741611287177,0.0738959761673,0.0744466776181,0.0747526228686,0.0742223177678,0.0747526228686,0.0750585681191,0.0748342082688,0.0748546046188,0.0750177754191,0.0748342082688,0.0759356111705,0.07562966592,0.0755480805199,0.076241556421,0.0763639345212,0.0770778067723,0.0776489045732,0.0778732644236,0.0770574104223,0.0768126542219,0.0769962213722,0.0771389958224,0.0773021666227,0.0777712826734,0.0771185994724,0.0767718615218,0.0770574104223,0.0767310688218,0.0782403987242,0.078118020624,0.0785055512746,0.0794437833761,0.0799536921269,0.0801780519772,0.0818097599798,0.0819729307801,0.0827275957313,0.0839105840332,0.0848488161347,0.0872147927384,0.0878266832394,0.0875003416389,0.0877858905393,0.0888057080409,0.0892136350416,0.0905597941437,0.0917631787956,0.0918855568958,0.0915388189453,0.0911512882947,0.091375648145,0.0922934838965,0.0935172648984,0.0937824174488,0.0928237889973,0.0919467459459,0.0917019897455,0.0917835751457,0.0923750692966,0.0939863809492,0.0936192466486,0.0934152831483,0.0929869597976,0.0927014108971,0.0939863809492,0.0947206495503,0.0946186678002,0.0947410459004,0.0942311371495,0.0924158619967,0.0928645816974,0.0934356794983,0.0933948867982,0.0936804356987,0.0934560758483,0.0938232101489,0.0936192466486,0.0939251918991,0.0942311371495,0.0948634240005,0.0953529364013,0.095781259752,0.095781259752,0.0953937291014,0.0952509546512,0.0947206495503,0.0944351006499,0.0943739115998,0.0942107407995,0.0940475699993,0.0937008320487,0.0923954656466,0.0921711057963,0.0921711057963,0.0922934838965,0.0928033926473,0.0927014108971,0.0928237889973,0.0924566546967,0.0920895203961,0.0916408006954,0.0918243678457,0.0920691240461,0.0921711057963,0.0921303130962,0.091355251795,0.0914572335451,0.0914368371951,0.0921303130962,0.0930685451977,0.093272508698,0.0940883626993,0.0941495517494,0.09451668605,0.0943535152497,0.0952509546512,0.0959444305523,0.0956792780018,0.0952713510012,0.0950877838509,0.0946186678002,0.0943943079498,0.095169369251,0.0950673875009,0.0957200707019,0.0955365035516,0.0952509546512,0.0956384853018,0.0963727539029,0.0963727539029,0.097025437104,0.0974537604547,0.0968418699537,0.0971886079042,0.0963727539029,0.0965359247032,0.0966175101033,0.0971478152042,0.0964747356531,0.0963115648528,0.0961483940526,0.0961891867527,0.0962911685028,0.0959852232523,0.0962707721528,0.0961483940526,0.0964543393031,0.0967398882035,0.0971478152042,0.097637327605,0.0978208947552,0.096433942953,0.0965155283532,0.0972905896544,0.0978208947552,0.0987795232068,0.0991874502074,0.0986775414566,0.0993302246576,0.0997585480083,0.100064493259,0.102226506362,0.103348305614,0.103429891014,0.102512055263,0.102410073513,0.101431048711,0.101859372062,0.101655408561,0.10071717646,0.10061519471,0.0996361699081,0.0988203159068,0.0978616874553,0.0992486392575,0.0991466575073,0.0999421151586,0.0988203159068,0.0988815049569,0.0993914137077,0.100452023909,0.10067638376,0.100492816609,0.10112510346,0.10094153631,0.101329066961,0.101308670611,0.102124524612,0.102879189563,0.102410073513,0.102206110012,0.102614037013,0.103001567663,0.102389677162,0.103103549414,0.103613458164,0.103654250864,0.103572665464,0.103266720214,0.103817421665,0.103348305614,0.103042360364,0.103001567663,0.103470683714,0.102634433363,0.102165317312,0.102104128262,0.102981171313,0.102491658913,0.103266720214,0.104388519466,0.104653672016,0.104388519466,0.105183977117,0.105877453018,0.105449129667,0.105999831118,0.105571507768,0.105510318717,0.105449129667,0.104694464716,0.104816842816,0.104816842816,0.104714861066,0.104143763265,0.104939220917,0.105000409967,0.104327330416,0.105510318717,0.104980013617,0.105938642068,0.105999831118,0.106734099719,0.10706044132,0.108590167572,