# R script for Peak Model
#  -- generated by MACS
p <- c(0.0174309483322,0.0204697577267,0.0234494791607,0.0264292005948,0.02937515748,0.0298309788891,0.029619950459,0.0297212441054,0.0299153902612,0.0299913604961,0.0296790384194,0.0299829193589,0.0299407136728,0.0297634497915,0.0299660370844,0.0296030681846,0.0302530357495,0.0307426217075,0.0307088571587,0.0306244457866,0.0307510628447,0.0301601832402,0.0300588895937,0.0300757718681,0.030109536417,0.0303458882588,0.0302277123379,0.0298563023008,0.029662156145,0.0296452738706,0.0295186568125,0.0298985079868,0.0297972143403,0.0300335661821,0.029704361831,0.0299153902612,0.0297128029682,0.0297128029682,0.0297296852427,0.0296959206938,0.0294764511264,0.0293582752056,0.0298816257124,0.0297465675171,0.0298394200263,0.0295270979497,0.0298309788891,0.0298731845752,0.0297296852427,0.0297296852427,0.0297465675171,0.0295693036357,0.0293498340683,0.0294004808916,0.0293160695195,0.0292569815591,0.0292569815591,0.0289193360708,0.0291641290498,0.0292654226963,0.0295861859101,0.0300082427705,0.0296705972822,0.0296030681846,0.0299238313984,0.030193947789,0.0301010952798,0.0304049762192,0.0303205648471,0.0301433009658,0.0302952414355,0.0302108300634,0.030354329396,0.0307172982959,0.0304556230424,0.0303458882588,0.0304556230424,0.0306075635122,0.0303627705332,0.0300842130053,0.0300335661821,0.0300842130053,0.0305062698657,0.0305062698657,0.0307932685307,0.0309198855888,0.0310211792353,0.0309789735493,0.0313672658608,0.0319328220537,0.031865292956,0.0318399695444,0.0317302347607,0.0314347949584,0.0313250601748,0.031173119705,0.0313841481352,0.0316795879374,0.0318315284072,0.0315023240561,0.0314432360957,0.0315023240561,0.0317724404467,0.0321185270722,0.0323211143652,0.0324561725605,0.0319497043281,0.0319243809164,0.0319581454653,0.0323802023256,0.0325659073442,0.0324646136977,0.0325405839325,0.032557466207,0.0326081130302,0.0326165541674,0.0329795230673,0.0331483458114,0.0334269033393,0.0335113147113,0.0336632551811,0.0341275177274,0.034110635453,0.0341359588647,0.0342625759228,0.03427101706,0.0343469872948,0.0341612822763,0.0339080481601,0.0339586949833,0.0338911658857,0.0336632551811,0.0335957260834,0.0334437856137,0.033291845144,0.0337139020043,0.0336970197299,0.0340093418065,0.0339502538461,0.0339164892973,0.0340177829438,0.0339840183949,0.0338574013368,0.0342119290995,0.0345326923134,0.0341697234135,0.0343723107064,0.0343807518436,0.0344313986669,0.0345495745878,0.0346846327831,0.0345073689018,0.0348872200761,0.0347352796063,0.0346761916459,0.0350138371342,0.0346508682343,0.0347859264296,0.0352670712504,0.0352164244271,0.0353092769364,0.0357482160712,0.0356300401503,0.0359339210897,0.0363053311268,0.0365670063802,0.0368540050453,0.036803358222,0.0368708873197,0.037250738494,0.0373520321405,0.0373604732777,0.037537737159,0.0378247358241,0.0376643542171,0.0374786491986,0.0375968251195,0.0376137073939,0.0373604732777,0.0372676207684,0.0375715017079,0.037698118766,0.0376643542171,0.0376137073939,0.0378669415101,0.0380779699403,0.038432497703,0.0388883191121,0.0394791987166,0.0397577562444,0.0394791987166,0.0395889335003,0.0398421676165,0.0396311391863,0.039656462598,0.0397155505584,0.0396311391863,0.0395551689515,0.039209082326,0.0392259646004,0.0396733448724,0.0401798131048,0.040390841535,0.040880427493,0.0408297806697,0.0412011907068,0.0415641596067,0.0415726007439,0.041657012116,0.0418764816834,0.0417161000764,0.0413278077649,0.0413868957254,0.0415472773323,0.0416316887044,0.0419102462322,0.0421634803484,0.042146598074,0.0425855372087,0.0429063004226,0.0430244763435,0.0435478268503,0.0436828850456,0.0436997673201,0.0442990880617,0.0444003817082,0.0442822057873,0.0444510285315,0.0447633506081,0.0447295860593,0.0453204656638,0.0455568175056,0.0460464034636,0.0465444305588,0.0467639001262,0.0468229880866,0.0471521924377,0.0480807175304,0.0483255105094,0.0486547148605,0.0486462737233,0.0483170693722,0.0480300707072,0.048350833921,0.0483592750583,0.0484099218815,0.0486969205465,0.0486969205465,0.0486125091745,0.0490092426232,0.0494312994835,0.0499546499904,0.0506214998297,0.0506130586925,0.0510688801017,0.0512545851202,0.0515078192364,0.0517104065294,0.0518032590387,0.0518454647247,0.0517863767643,0.0522759627222,0.0525967259361,0.0528499600523,0.0525460791129,0.0530694296197,0.0532551346382,0.0534239573824,0.0539895135752,0.053981072438,0.0544537761216,0.0544790995332,0.0550024500401,0.0551037436866,0.0556439764678,0.0557199467027,0.0559647396817,0.0561082390142,0.0564121199536,0.0573575273208,0.0576782905347,0.0581087885322,0.0578639955532,0.0581594353554,0.05838734606,0.0586659035879,0.0595522229946,0.0601177791874,0.060995657457,0.0605820417338,0.0608183935756,0.0612151270243,0.0615780959242,0.0620085939218,0.0625235032914,0.0632325588168,0.0633844992865,0.0637812327352,0.06422017187,0.0650727267279,0.065486342451,0.0660856631927,0.0667187484832,0.0679680367899,0.0688205916477,0.0695971762708,0.070829582303,0.0715808435144,0.0717159017097,0.0721379585701,0.0733450411906,0.0739865676184,0.0749404161227,0.0750163863576,0.0757929709806,0.0763922917223,0.0766033201525,0.0767383783478,0.0773967870499,0.0786967221798,0.0790596910797,0.0798784813888,0.0798953636632,0.0804524787188,0.0807901242071,0.0813387981256,0.081887472044,0.0825374396089,0.0830439078414,0.0832802596831,0.0835166115249,0.084090608855,0.084537989127,0.0849347225757,0.0854243085337,0.0855087199058,0.0857450717476,0.0864625684101,0.0870618891518,0.0871885062099,0.0878891205981,0.0879228851469,0.0887079109072,0.0895098189418,0.0898305821557,0.0913415457157,0.0912655754809,0.0920759246527,0.0926414808456,0.0936037704872,0.0941946500916,0.0954777029471,0.0962627287073,0.0970393133304,0.0974866936023,0.097351635407,0.098820393281,0.0992171267297,0.0998248886086,0.100432650488,0.101327411031,0.10115014715,0.101791673578,0.102222171575,0.103108490982,0.104222721093,0.104653219091,0.105742125791,0.106586239511,0.107447235506,0.108249143541,0.109599725494,0.110511368313,0.111043159957,0.111802862305,0.112917092417,0.113862499784,0.114081969351,0.11505270013,0.115567609499,0.116361076397,0.117011043962,0.117796069722,0.118690830266,0.120539439314,0.120455027942,0.121130318919,0.121965991502,0.122810105223,0.124337951057,0.125122976818,0.126330059438,0.127798817312,0.128938370835,0.129503927028,0.131175272195,0.131698622702,0.13291414646,0.133943965199,0.134686785273,0.135986720403,0.136619805693,0.137210685298,0.138206739488,0.138890471602,0.139456027795,0.141524106411,0.142368220131,0.143195451578,0.14421682918,0.144951208117,0.146158290737,0.147053051281,0.147846518179,0.149450334248,0.151079473729,0.151577500824,0.152953406189,0.154346193828,0.155553276449,0.156507124953,0.158085617611,0.159765403915,0.161757512296,0.162719801937,0.163411975188,0.165032673532,0.166425461171,0.167995512691,0.169388300331,0.171675848514,0.173203694348,0.174208189676,0.174815951555,0.176487296722,0.177432704089,0.178386552593,0.179180019491,0.180285808465,0.181340950616,0.182337004806,0.182801267352,0.185004404163,0.18734259917,0.188448388144,0.190828788836,0.192820897217,0.194770799912,0.196475909627,0.19813037252,0.200080275215,0.202350941123,0.203439847823,0.204570960209,0.20647021608,0.208234413757,0.210142110765,0.212598481693,0.214666560308,0.216667109826,0.217604076056,0.219486449653,0.221259088467,0.222727846341,0.225167334994,0.227598382509,0.230004106613,0.231658569506,0.233414326045,0.235254493956,0.237550483276,0.239491944834,0.242100256231,0.244936478332,0.246928586713,0.248329815489,0.249655074031,0.251807564019,0.253597085106,0.256137867406,0.257935829631,0.259472116602,0.260797375144,0.262848571485,0.264156947752,0.266832788247,0.269230071214,0.271407884613,0.273560374601,0.275476512747,0.27812702983,0.280743782364,0.283098859645,0.284812410498,0.287032429583,0.288205747655,0.290029033291,0.292806167432,0.29438466009,0.296148857766,0.298039672501,0.300960305974,0.303644587606,0.305526961203,0.307426217075,0.310448144195,0.313453189041,0.315310239226,