# R script for Peak Model
#  -- generated by MACS
p <- c(0.0398630195403,0.0465377576959,0.0525944645408,0.0596400214828,0.0662529565073,0.0655731220655,0.0635645203057,0.0634718156091,0.0645842719684,0.0644297641407,0.0636881265679,0.0632864062159,0.0640280437888,0.0634718156091,0.0635954218713,0.0633173077814,0.0644915672718,0.0640898469198,0.0634409140436,0.0647078782305,0.0655113189344,0.0651714017136,0.0652950079757,0.0649550907548,0.065140500148,0.0668400862524,0.0676126253908,0.0680143457428,0.0685705739224,0.0680761488739,0.0687559833156,0.0690959005365,0.0696212271506,0.0698993412404,0.0697757349783,0.0688486880122,0.0675817238253,0.0676744285219,0.0674272159976,0.0670563972112,0.0664383659005,0.0662220549417,0.0653568111068,0.0655422205,0.0646151735339,0.0639662406577,0.0644915672718,0.0652950079757,0.065140500148,0.0648623860582,0.0641825516164,0.0643370594441,0.0641207484854,0.0642443547475,0.064213453182,0.0650786970169,0.0648932876237,0.0639662406577,0.0646460750995,0.0643679610096,0.0643370594441,0.0643061578786,0.064213453182,0.064275256313,0.0644606657062,0.0635027171747,0.0635027171747,0.0634409140436,0.0630082921261,0.0635645203057,0.0648005829271,0.0653568111068,0.0657894330243,0.0652641064102,0.0657276298932,0.0658203345898,0.0663765627694,0.0670254956457,0.0660984486796,0.0668091846869,0.0667782831214,0.0666546768592,0.0644297641407,0.0648314844927,0.0647387797961,0.0659748424175,0.0650168938859,0.064676976665,0.065140500148,0.0649859923203,0.0648314844927,0.0649859923203,0.0668400862524,0.0660366455485,0.0657894330243,0.0653568111068,0.0650477954514,0.0652023032791,0.0655731220655,0.0653877126723,0.064275256313,0.0640898469198,0.0650168938859,0.0652332048446,0.0649550907548,0.0645842719684,0.0650786970169,0.0646460750995,0.0641207484854,0.0635027171747,0.0639353390921,0.0637808312645,0.0627919811673,0.0631009968227,0.0631318983882,0.0634718156091,0.0640589453543,0.0639662406577,0.0634718156091,0.0647387797961,0.0650477954514,0.0659748424175,0.0661911533762,0.066407464335,0.0669018893835,0.0663147596384,0.0663765627694,0.0678598379151,0.068663278619,0.068199755136,0.0678289363496,0.0673654128665,0.0660984486796,0.0654495158034,0.065604023631,0.0655113189344,0.0650477954514,0.0640280437888,0.0636263234368,0.0632555046504,0.0632555046504,0.0633173077814,0.0646151735339,0.0656658267621,0.0656658267621,0.0659439408519,0.0658821377209,0.0655113189344,0.0657276298932,0.0658203345898,0.0659748424175,0.0651095985825,0.0648932876237,0.0643061578786,0.0648005829271,0.0650168938859,0.0652641064102,0.0650477954514,0.0652641064102,0.0653877126723,0.0653877126723,0.0655113189344,0.0660366455485,0.0660675471141,0.0651095985825,0.0655113189344,0.0652023032791,0.0654186142378,0.0648623860582,0.0650168938859,0.0646460750995,0.0655422205,0.0651714017136,0.0648314844927,0.0652950079757,0.0639044375266,0.0640898469198,0.0640280437888,0.0643988625752,0.0645842719684,0.0652023032791,0.0647078782305,0.0647078782305,0.0646460750995,0.064275256313,0.0648005829271,0.0643370594441,0.0643679610096,0.0649550907548,0.0638735359611,0.0634100124781,0.0631627999538,0.062884685864,0.0631627999538,0.0639353390921,0.0635645203057,0.0635954218713,0.0630700952572,0.0626374733397,0.0640589453543,0.0639353390921,0.0643679610096,0.0650168938859,0.064676976665,0.0643370594441,0.065140500148,0.0657585314587,0.0663147596384,0.0659439408519,0.0647387797961,0.0644606657062,0.0639044375266,0.0632555046504,0.0638735359611,0.0644297641407,0.064275256313,0.0641516500509,0.0638426343955,0.0647387797961,0.0648005829271,0.0658203345898,0.0656349251966,0.0662529565073,0.0663147596384,0.0659130392864,0.0657894330243,0.065604023631,0.066005743983,0.0653568111068,0.0659130392864,0.0656349251966,0.0662838580728,0.0658821377209,0.066005743983,0.0660366455485,0.0662220549417,0.0667782831214,0.0669945940801,0.0674581175632,0.0671491019078,0.0670563972112,0.0672109050389,0.0674581175632,0.0673963144321,0.0678289363496,0.0680143457428,0.0680452473083,0.067736231653,0.0680452473083,0.0687868848812,0.0692195067987,0.0692195067987,0.0690959005365,0.0691577036676,0.0684469676603,0.0683542629637,0.0680452473083,0.0685396723569,0.0681070504394,0.0672418066044,0.0674272159976,0.0674890191287,0.0672727081699,0.0677053300874,0.0685396723569,0.0687559833156,0.0688795895778,0.0685087707913,0.0681688535705,0.0693431130608,0.0688795895778,0.0698684396749,0.0707336835099,0.0704864709856,0.069930242806,0.0692813099297,0.0688795895778,0.0701774553302,0.0705173725511,0.0702392584613,0.0704864709856,0.0693431130608,0.0693122114953,0.0700229475026,0.0696212271506,0.0709499944686,0.0714135179516,0.0710736007308,0.0716298289104,0.0718152383036,0.0718152383036,0.0724332696143,0.0718770414347,0.071259010124,0.0724332696143,0.0727731868352,0.0737620369323,0.073051300925,0.0736384306702,0.0744109698086,0.0760178512164,0.0770067013135,0.0781809608038,0.0795715312529,0.0808075938743,0.0820127549302,0.0820127549302,0.0841140613866,0.0857827459255,0.0859372537531,0.0872969226367,0.087544135161,0.0886565915202,0.0891510165688,0.0898308510106,0.0898926541416,0.091066913632,0.0912214214597,0.0901398666659,0.0901707682315,0.0890892134377,0.0893673275275,0.0895527369208,0.0889038040445,0.0878840523819,0.0877295445542,0.0875132335954,0.0872660210712,0.0872969226367,0.0874514304644,0.0882239696027,0.0881930680372,0.0876986429887,0.0888420009135,0.0898308510106,0.0905415870179,0.0910360120664,0.0914995355495,0.0921175668602,0.0924265825155,0.0924265825155,0.0927355981709,0.0934154326126,0.0928283028675,0.0915613386805,0.0916231418116,0.0910360120664,0.0913141261563,0.0913450277218,0.0914068308529,0.0900780635349,0.0902943744936,0.0901089651004,0.0895218353552,0.0904488823213,0.0889656071756,0.0895527369208,0.0894600322242,0.0893982290931,0.0900162604038,0.0902634729281,0.0906960948456,0.0906960948456,0.0931373185228,0.0931064169573,0.0935081373093,0.0931064169573,0.0929519091296,0.0937553498335,0.0921484684257,0.0928283028675,0.0924883856466,0.0927974013019,0.0909124058043,0.0904797838868,0.0909124058043,0.0916231418116,0.0924883856466,0.0914377324184,0.0925810903432,0.0920248621636,0.0921175668602,0.0927046966053,0.0931682200884,0.0948678061928,0.0953313296758,0.0958257547244,0.0946823967996,0.0958875578555,0.0972163251735,0.097710750222,0.0970618173458,0.0974326361322,0.0981433721395,0.0983596830983,0.097648947091,0.0970927189113,0.0977416517876,0.0974017345667,0.0958257547244,0.0960420656831,0.0976180455254,0.0978961596152,0.0978652580497,0.0973090298701,0.0986686987536,0.0982051752706,0.0984214862293,0.0986068956225,0.0984214862293,0.0997811551129,0.0990086159745,0.0982051752706,0.0979270611808,0.0979579627463,0.0978652580497,0.0984832893604,0.0987614034502,0.0991322222366,0.100831808341,0.100275580161,0.100090170768,0.100893611472,0.101233528693,0.10250049288,0.102345985052,0.102253280356,0.101820658438,0.101295331824,0.100800906776,0.101140823996,0.102160575659,0.101140823996,0.101449839652,0.100460989555,0.101388036521,0.101480741217,0.101851560004,0.102407788183,0.103180327322,0.103458441412,0.102531394446,0.10367475237,0.103211228887,0.102809508535,0.102376886618,0.102655000708,0.10339663828,0.103612949239,0.103551146108,0.103303933584,0.103520244543,0.103180327322,0.103767457067,0.10423098055,0.104879913426,0.105528846302,0.105467043171,0.105158027516,0.104910814992,0.105467043171,0.106270483875,0.105930566654,0.10623958231,0.105590649433,0.105899665089,0.107012121448,0.107321137103,0.108433593463,0.108217282504,0.108000971545,0.108000971545,0.108619002856,0.108031873111,0.108433593463,0.108000971545,0.106981219883,0.107444743366,0.1074138418,0.108031873111,0.10858810129,0.108958920077,0.108742609118,0.110473096788,0.111245635926,0.111183832795,0.111338340623,0.11059670305,0.110534899919,0.110627604616,0.109885967043,0.110102278002,0.111523750016,0.112172682892,0.112481698548,0.113964973693,0.114644808135,0.115201036315,0.115880870757,0.116931523985,0.118445700696,0.118878322614,0.119187338269,0.117611358427,