# R script for Peak Model
#  -- generated by MACS
p <- c(0.021734405564007825,0.025356806491342462,0.028210819343181873,0.032382068895870246,0.035455621197851145,0.03567516064799264,0.03468723312235592,0.036004469823204883,0.035784930373063385,0.0353458514727804,0.035236081747709654,0.036224009273346375,0.03732170652405384,0.03710216707391235,0.03798032487447832,0.03907802212518578,0.040944107451388476,0.041273416626600716,0.041712495526883706,0.041712495526883706,0.04281019277759117,0.04182226525195445,0.042041804702095946,0.04346881112801565,0.0450055872790061,0.04445673865365237,0.04302973222773266,0.041712495526883706,0.041053877176459225,0.04226134415223744,0.041273416626600716,0.04302973222773266,0.042371113877308186,0.040614798276176235,0.0386389432249028,0.03852917349983205,0.03874871294997355,0.03918779185025653,0.03918779185025653,0.03951710102546877,0.040065949650822504,0.03896825240011504,0.03973664047561026,0.0386389432249028,0.03962687075053952,0.03896825240011504,0.03918779185025653,0.03918779185025653,0.03973664047561026,0.03907802212518578,0.03951710102546877,0.03907802212518578,0.03841940377476131,0.03951710102546877,0.03798032487447832,0.03973664047561026,0.041602725801812956,0.040614798276176235,0.040724568001246984,0.040395258826034744,0.041273416626600716,0.04226134415223744,0.04368835057815714,0.04368835057815714,0.04566420562943058,0.04467627810379386,0.04445673865365237,0.045444666179289085,0.04445673865365237,0.04357858085308639,0.041602725801812956,0.042041804702095946,0.042041804702095946,0.04226134415223744,0.041163646901529974,0.04083433772631773,0.03962687075053952,0.03984641020068101,0.04050502855110549,0.041712495526883706,0.04259065332744968,0.041383186351671465,0.041053877176459225,0.04182226525195445,0.04281019277759117,0.042371113877308186,0.04390789002829863,0.04357858085308639,0.04445673865365237,0.04445673865365237,0.045883745079572075,0.04676190288013805,0.046871672605208796,0.04742052123056253,0.04720098178042103,0.0482986790311285,0.04807913958098701,0.04983545518211895,0.05049407353254343,0.051372231333109405,0.050054994632260444,0.049945224907189695,0.05016476435733119,0.050274534082401935,0.050274534082401935,0.05115269188296791,0.050933152432826416,0.04950614600690671,0.04774983040577477,0.04906706710662372,0.05082338270775567,0.04950614600690671,0.04950614600690671,0.05049407353254343,0.05049407353254343,0.05082338270775567,0.050274534082401935,0.05148200105818015,0.05279923775902911,0.05049407353254343,0.04851821848126999,0.05203084968353388,0.05334808638438284,0.05181131023339239,0.051262461608038656,0.05181131023339239,0.05214061940860463,0.05246992858381687,0.05389693500973657,0.05389693500973657,0.055763020335939266,0.05378716528466583,0.05433601391001956,0.05850726346270793,0.059714730438486144,0.059714730438486144,0.060702657964122865,0.06114173686440585,0.060592888239052116,0.06201989466497182,0.06180035521483033,0.06300782219060855,0.06191012493990108,0.05861703318777868,0.05861703318777868,0.05850726346270793,0.05751933593707121,0.056311868961293,0.055543480885797775,0.05751933593707121,0.05817795428749569,0.05861703318777868,0.059604960713415395,0.05894634236299092,0.05894634236299092,0.05828772401256644,0.05828772401256644,0.05883657263792017,0.0593854212632739,0.05839749373763718,0.05828772401256644,0.056311868961293,0.05499463226044404,0.056311868961293,0.05565325061086852,0.05762910566214196,0.05905611208806166,0.060592888239052116,0.0612515065894766,0.05982450016355689,0.06015380933876913,0.06201989466497182,0.06344690109089153,0.064544598341599,0.06652045339287244,0.06608137449258944,0.06750838091850915,0.06805722954386288,0.06805722954386288,0.06948423596978259,0.07036239377034856,0.07124055157091454,0.07189916992133902,0.07200893964640977,0.07310663689711723,0.07266755799683425,0.07135032129598529,0.07124055157091454,0.07222847909655125,0.0756313405737444,0.07618018919909814,0.07552157084867366,0.07530203139853216,0.07475318277317843,0.0756313405737444,0.07848535342558381,0.07991235985150352,0.08079051765206949,0.07991235985150352,0.07925374150107904,0.07914397177600829,0.08068074792699874,0.08079051765206949,0.08243706352813068,0.0819979846278477,0.08133936627742322,0.08079051765206949,0.08013189930164501,0.08111982682728174,0.08166867545263547,0.08133936627742322,0.0819979846278477,0.0819979846278477,0.08068074792699874,0.08144913600249397,0.08155890572756472,0.08419337912926263,0.08737670115631428,0.08605946445546532,0.08627900390560682,0.08759624060645578,0.08715716170617278,0.0900111745580122,0.09012094428308295,0.08979163510787071,0.09121864153379042,0.09034048373322444,0.08792554978166801,0.09088933235857817,0.09023071400815369,0.08913301675744623,0.08924278648251698,0.08847439840702175,0.09023071400815369,0.08957209565772921,0.08869393785716324,0.09154795070900265,0.0916577204340734,0.08990140483294146,0.08847439840702175,0.09023071400815369,0.0900111745580122,0.09066979290843669,0.09099910208364892,0.09242610850956863,0.09451173328591281,0.09385311493548833,0.09549966081154954,0.09879275256367193,0.10043929843973312,0.1015369956904406,0.10439100854228,0.1031835415665018,0.10241515349100656,0.10219561404086508,0.10175653514058208,0.10065883788987462,0.09934160118902566,0.09879275256367193,0.09835367366338894,0.09758528558789371,0.09517035163633729,0.09407265438562983,0.09538989108647879,0.09670712778732775,0.09725597641268148,0.09978068008930865,0.10054906816480387,0.10065883788987462,0.10351285074171403,0.10307377184143104,0.10439100854228,0.10647663331862418,0.10570824524312897,0.10779387001947315,0.10581801496819972,0.10329331129157254,0.10515939661777524,0.10592778469327045,0.10406169936706776,0.10592778469327045,0.10658640304369493,0.10922087644539286,0.10965995534567584,0.10944041589553435,0.11372143517329346,0.1142702837986472,0.11844153335133557,0.11668521775020363,0.11657544802513288,0.11789268472598184,0.11844153335133557,0.11624613884992063,0.11580705994963765,0.11547775077442542,0.11185534984709078,0.11185534984709078,0.10922087644539286,0.11229442874737376,0.11481913242400094,0.11525821132428392,0.11470936269893019,0.11624613884992063,0.12052715812767975,0.1237104801547314,0.1253570260307926,0.1276621902572783,0.1260156443812171,0.12656449300657083,0.1272231113569953,0.12568633520600483,0.12799149943249052,0.12952827558348098,0.12930873613333949,0.12458863795529737,0.12623518383135857,0.12524725630572187,0.12491794713050962,0.12403978932994364,0.1257961049310756,0.1276621902572783,0.12634495355642933,0.12568633520600483,0.12261278290402394,0.12173462510345796,0.12261278290402394,0.12294209207923618,0.12382024987980216,0.12458863795529737,0.1222834737288117,0.12184439482852871,0.12349094070458991,0.1222834737288117,0.12568633520600483,0.12930873613333949,0.1276621902572783,0.13051620310911768,0.13161390035982515,0.13347998568602784,0.13402883431138157,0.13347998568602784,0.13183343980996665,0.1345776829367353,0.1329311370606741,0.13227251871024964,0.13227251871024964,0.12941850585841022,0.13062597283418845,0.1288696572330565,0.12777195998234903,0.13062597283418845,0.12788172970741976,0.12349094070458991,0.12524725630572187,0.12843057833277352,0.128650117782915,0.12733288108206603,0.12623518383135857,0.12799149943249052,0.12777195998234903,0.1267840324567123,0.12941850585841022,0.1317236700848959,0.13018689393390545,0.12777195998234903,0.13018689393390545,0.13139436090968368,0.13040643338404695,0.12952827558348098,0.1331506765108156,0.13117482145954218,0.1333702159609571,0.1354558407373013,0.13556561046237203,0.13578514991251353,0.13633399853786726,0.13787077468885772,0.14006616919027265,0.14028570864041415,0.13787077468885772,0.13907824166463592,0.136882847163221,0.13512653156208904,0.13655353798800876,0.13841962331421145,0.13611445908772576,0.13863916276435295,0.13633399853786726,0.1354558407373013,0.1350167618370183,0.1317236700848959,0.13128459118461291,0.1335897554110986,0.13413860403645234,0.13347998568602784,0.13260182788546188,0.13128459118461291,