# R script for Peak Model
#  -- generated by MACS
p <- c(0.029199345629848588,0.03436032131056916,0.0394173847292618,0.04450908556863041,0.04939296188394317,0.049138954132319335,0.04915049993921133,0.0491966831667793,0.0491966831667793,0.04864248443596367,0.04851548056015175,0.04837693087744784,0.04766109085014432,0.0475340869743324,0.0472338959951406,0.04731471664338455,0.0473839914847365,0.047591816008792365,0.047730365691496274,0.048099831512040024,0.047915098601768145,0.047684182463928304,0.04792664440866014,0.047684182463928304,0.04775345730528026,0.048146014739607994,0.04821528958095995,0.04818065216028397,0.04761490762257635,0.04764954504325233,0.04785736956730818,0.048296110229203895,0.04883876315312753,0.048896492187587494,0.049473782532187115,0.04957769479421504,0.050362809662870524,0.050374355469762516,0.05094010000747014,0.05125183679355393,0.05151739035206975,0.0517483064899096,0.05195613101396546,0.05237178006207718,0.052290959413833236,0.052614242006809024,0.05185221875193753,0.0514481155107178,0.051725214876125615,0.051771398103693585,0.05240641748275316,0.05240641748275316,0.05244105490342914,0.0523486884482932,0.052521875551673085,0.05212931811734535,0.05274124588262094,0.05330699042032856,0.053006799441136766,0.05323771557897661,0.053052982668704736,0.05259115039302504,0.05207158908288539,0.05194458520707347,0.05208313488977738,0.052521875551673085,0.05259115039302504,0.05251032974478109,0.05221013876558929,0.05207158908288539,0.051725214876125615,0.051725214876125615,0.052290959413833236,0.05263733362059301,0.05203695166220941,0.051817581331261554,0.05137884066936584,0.051725214876125615,0.052475692324105115,0.052614242006809024,0.053041436861812744,0.05319153235140864,0.05334162784100454,0.05383809753736021,0.05418447174411998,0.0547617620887196,0.05526977759196726,0.055108136295479365,0.05518895694372331,0.05528132339885925,0.055246685978183274,0.05543141888845515,0.055154319523047335,0.055015769840343426,0.05559306018494305,0.05545451050223914,0.05516586532993933,0.05531596081953523,0.05523514017129128,0.05528132339885925,0.05483103693007155,0.05509659048858737,0.05552378534359109,0.05514277371615534,0.054819491123179555,0.0546116665991237,0.054865674350747524,0.054911857578315494,0.05514277371615534,0.05531596081953523,0.05629735440535458,0.05613571310886668,0.05644744989495048,0.05677073248792626,0.05715174411536201,0.05755584735658174,0.05768285123239365,0.05770594284617764,0.05777521768752959,0.05767130542550166,0.057221018956713963,0.057451935094553805,0.057221018956713963,0.05707092346711806,0.05672454926035829,0.05662063699833036,0.056793824101710244,0.05645899570184247,0.05663218280522235,0.05632044601913856,0.0567130034534663,0.05711710669468603,0.057082469274010054,0.05734802283252588,0.057602030584149706,0.05799458801847745,0.05750966412901377,0.05777521768752959,0.057694397039285646,0.05889516095605285,0.05892979837672883,0.05888361514916086,0.05931081000416457,0.059380084845516524,0.05963409259714036,0.05922998935592062,0.05954172614200442,0.060176745521063994,0.06058084876228373,0.06018829132795599,0.05984191712119622,0.06025756616930794,0.060569302955391736,0.060846402320799554,0.06105422684485541,0.061689246223914994,0.06185088752040288,0.061793158485942926,0.06178161267905093,0.062162624306486676,0.06233581140986656,0.061920162361754835,0.061827795906618896,0.06186243332729487,0.0615276049274271,0.06146987589296714,0.06186243332729487,0.0619778913962148,0.06235890302365055,0.06213953269270269,0.06262445658216637,0.06260136496838238,0.0625898191614904,0.06298237659581814,0.06344420887149782,0.06377903727136561,0.06315556369919802,0.06336338822325388,0.06353657532663376,0.06344420887149782,0.0633287508025779,0.06451796891245311,0.064679610208941,0.06493361796056484,0.06481815989164491,0.06558018314651641,0.06598428638773614,0.066192110911792,0.06629602317381993,0.06615747349111602,0.0663537522082799,0.06558018314651641,0.06548781669138047,0.06562636637408438,0.06596119477395215,0.06552245411205644,0.06606510703598008,0.06630756898071193,0.0661805651049,0.06671167222193165,0.06773924903531897,0.06820108131099867,0.06862827616600238,0.06875528004181429,0.06929793296573793,0.0693556620001979,0.0693556620001979,0.06960966975182173,0.06980594846898559,0.07042942204115318,0.06962121555871371,0.07019850590331334,0.0703947846204772,0.07059106333764108,0.07008304783439341,0.07015232267574537,0.07044096784804517,0.0709951665788608,0.07067188398588502,0.07083352528237291,0.07139926982008053,0.0710067123857528,0.07119144529602467,0.07132999497872858,0.07194192274400417,0.07213820146116805,0.07244993824725184,0.07167636918548835,0.07253075889549579,0.07216129307495203,0.07276167503333564,0.07302722859185146,0.07322350730901532,0.07239220921279188,0.0729579537504995,0.07347751506063915,0.07358142732266709,0.07426262992929464,0.07457436671537843,0.07511701963930206,0.07487455769457023,0.07512856544619406,0.07570585579079367,0.07692971132134487,0.07623696290782532,0.07590213450795755,0.07622541710093333,0.07614459645268938,0.0764101500112052,0.07651406227323314,0.07677961583174896,0.07735690617634858,0.07740308940391655,0.07764555134864838,0.07833829976216793,0.07875394881027965,0.07931969334798727,0.08019717467177868,0.08078601082327029,0.0813979385885459,0.08170967537462968,0.08177895021598164,0.08149030504368183,0.08166349214706171,0.08220614507098535,0.08254097347085312,0.08254097347085312,0.08261024831220508,0.08269106896044903,0.08234469475368926,0.08237933217436524,0.0822869657192293,0.08267952315355703,0.08309517220166876,0.08322217607748068,0.08390337868410823,0.08361473351180841,0.08392647029789221,0.0837879206151883,0.08448066902870784,0.0845383980631678,0.08482704323546761,0.08541587938695921,0.08587771166263891,0.08681292202089029,0.0867898304071063,0.08777122399292565,0.08803677755144147,0.08852170144090515,0.088741071771853,0.0895030950267245,0.08967628213010438,0.09004574795064814,0.08994183568862021,0.08923754146820868,0.08927217888888465,0.08953773244740047,0.09023048086092002,0.09069231313659971,0.09123496606052335,0.091766073177555,0.09298992870810618,0.09385586422500561,0.09480262039014897,0.09593410946556423,0.09699632369962752,0.09824327084396269,0.09833563729909862,0.09920157281599805,0.10025224124316935,0.10088726062222893,0.1010719935325008,0.10188020001494028,0.10228430325616,0.10332342587643932,0.10402772009685085,0.10353125040049517,0.10399308267617487,0.10423554462090671,0.1044087317242866,0.10522848401361805,0.10599050726848955,0.10615214856497743,0.1070873589232288,0.10684489697849697,0.10712199634390479,0.10788401959877628,0.10896932544662356,0.10930415384649134,0.10965052805325111,0.11017008936339076,0.11050491776325853,0.11075892551488237,0.11014699774960678,0.11144012812150991,0.1114632197352939,0.1122367887970574,0.11237533847976129,0.11294108301746893,0.11344909852071658,0.1129757204381449,0.1138647475688283,0.11468449985815976,0.11560816440951915,0.1153657024647873,0.11606999668519884,0.1162893670161467,0.1165780121884465,0.11692438639520628,0.1170282986572342,0.1177787761052137,0.11776723029832172,0.1175016767398059,0.11818287934643344,0.1187024406565731,0.11881789872549302,0.11836761225670532,0.11895644840819693,0.11919891035292876,0.12037658265591197,0.12164662141403114,0.12201608723457488,0.12310139308242217,0.12386341633729366,0.12358631697188585,0.12387496214418565,0.12497181379892493,0.12509881767473685,0.1256414705986605,0.12601093641920424,0.1257684744744724,0.12613794029501615,0.12584929512271634,0.12608021126055619,0.12813536488733082,0.12941694945234197,0.12992496495558964,0.13111418306546485,0.1316452901824965,0.1317838398652004,0.1316221985687125,0.13221103472020412,0.1331462450784555,0.13337716121629534,0.13337716121629534,0.1337350812299471,0.1346471999744145,0.1352244903190141,0.13599805938077758,0.13636752520132134,0.1371872774906528,0.13772993041457643,0.1379146633248483,0.13904615240026358,0.13888451110377567,0.13901151497958758,0.13951953048283525,0.14017764147567882,