# R script for Peak Model
#  -- generated by MACS
p <- c(0.023662479402505165,0.028008305992592256,0.03209355110435692,0.0358845913212414,0.03985215447505399,0.04027244718202566,0.04004548912026096,0.04039012913997773,0.04024722961960736,0.040129547661655295,0.0407852042845311,0.04032288230686226,0.04036491157755943,0.040608681347603,0.04035650572342,0.040289258890304526,0.04070114574313677,0.04014635936993416,0.04009592424509756,0.04060027549346357,0.040230417911328496,0.04090288624248317,0.0408860745342043,0.04102056820043524,0.041348396511873144,0.041474484323964646,0.041474484323964646,0.041819124343681416,0.04191999459335462,0.04163419555261388,0.04191999459335462,0.041533325302940675,0.04196202386405178,0.04201245898888838,0.04189477703093632,0.04228985217548969,0.04212173509270102,0.042113329238561585,0.04236550486274459,0.04271014488246136,0.04285304440283173,0.042743768299019096,0.04255043365381213,0.04239072242516289,0.042382316571023454,0.04212173509270102,0.042163764363398186,0.04249999852897553,0.042642898049345894,0.0429202912359472,0.0428950736735289,0.043357395651197735,0.04341623663017377,0.043668412254356775,0.04402986398235241,0.04418957521100165,0.04434928643965089,0.04437450400206919,0.04420638691928051,0.04434928643965089,0.044382909856208616,0.04452580937657899,0.04471914402178596,0.044887261104574624,0.04511421916633933,0.04499653720838726,0.04529074210326743,0.04569422310196024,0.04616495093376851,0.04579509335163344,0.04582871676819117,0.04584552847647004,0.045786687497494004,0.04598002214270097,0.04605567482995587,0.046156545079629074,0.04640031484967265,0.04624060362102341,0.0457110348102391,0.046122921663071345,0.04598002214270097,0.046072486538234744,0.046282632891720576,0.04605567482995587,0.04627422703758115,0.04677857828594715,0.04661886705729792,0.04668611389041338,0.04727452368017373,0.04724090026361599,0.04775365736612143,0.047686410533005964,0.047686410533005964,0.04825800861448744,0.04838409642657894,0.0482243851979297,0.048316849593463475,0.04817395007309311,0.04780409249095803,0.047493075887799,0.047762063220260866,0.047946992011328404,0.04814873251067481,0.047946992011328404,0.04796380371960727,0.047946992011328404,0.04830844373932404,0.048871635966666084,0.049350769652613785,0.0503090370245092,0.0502586018996726,0.050267007753812036,0.05001483212962903,0.050224978483114864,0.05064527119008654,0.05086382339771181,0.051225275125707445,0.051300927812962346,0.051485856604029885,0.05125889854226518,0.051536291728866486,0.05146904489575102,0.05194817858169872,0.05213310737276626,0.051805279061328355,0.052460935684204166,0.052435718121785865,0.05240209470522813,0.0527215171625266,0.0527971698497815,0.05286441668289697,0.053520073305772776,0.05400761284585992,0.05409167138725425,0.05461283434389913,0.05452877580250479,0.05478935728082723,0.0550331270508708,0.054865009968082135,0.05514240315468343,0.05537776707058757,0.05577284221514094,0.05590733588137188,0.05635284615076185,0.05663023933736316,0.05660502177494486,0.056529369087689955,0.05659661592080542,0.05715140229400803,0.0575464774385614,0.05783227647930214,0.05788271160413874,0.058059234541066845,0.057849088187581006,0.05818532235315835,0.058647644330827184,0.059311706807842424,0.05990011659760277,0.06007663953453087,0.060177509784204074,0.060286785888016704,0.06048012053322368,0.06081635469880101,0.06139635863442192,0.06135432936372476,0.06177462207069643,0.06188389817450906,0.0621696972152498,0.06251433723496658,0.06296825335849597,0.06346419875272255,0.06370796852276613,0.06385927389727593,0.06403579683420403,0.064733482727777,0.0646578300405221,0.06498565835196,0.06547319789204714,0.06601957841111032,0.06599436084869202,0.06599436084869202,0.06644827697222143,0.06653233551361576,0.0671207453033761,0.06754103801034778,0.06893640979749373,0.0693567025044654,0.06960047227450897,0.06981902448213424,0.07067642160435646,0.07144976018518433,0.07180280605904053,0.07271063830609935,0.07379499349008627,0.0740303574059904,0.07409760423910587,0.07469441988300564,0.07534167065174202,0.07592167458736293,0.07630834387777687,0.07724979954139341,0.07816603764259165,0.07843502497505353,0.07838458985021693,0.07868720059923653,0.07932604551383347,0.07955300357559818,0.07987242603289664,0.0805112709474936,0.08097359292516243,0.08092315780032583,0.08122576854934543,0.08180577248496634,0.08220925348365915,0.08338607306317983,0.083428102333877,0.08424347018540204,0.08502521462036935,0.08595826442984647,0.08652145665718851,0.08712667815522772,0.08784117575707956,0.08826987431819067,0.08867335531688347,0.08859770262962857,0.08891712508692703,0.0884295855468399,0.0887321962958595,0.08864813775446517,0.0887574138582778,0.08923654754422551,0.08917770656524948,0.08990901587538018,0.09097655935108824,0.09095134178866994,0.09164062182810348,0.09326295167701414,0.09303599361524943,0.0937084619464041,0.09465832346416009,0.09480962883866989,0.09539803862843023,0.09491890494248252,0.09480962883866989,0.09591920158507511,0.09643195868758055,0.09596123085577227,0.09681022212385505,0.09717167385185069,0.09691949822766768,0.09727254410152389,0.09811312951546723,0.09918907884531472,0.09952531301089206,0.09939081934466112,0.10007169352995522,0.10045836282036917,0.10095430821459574,0.10138300677570684,0.10204706925272208,0.10224880975206849,0.10231605658518396,0.10286243710424714,0.10366099324749331,0.10462766647352816,0.10488824795185059,0.10603984996895298,0.10605666167723185,0.1059726031358375,0.10604825582309241,0.1070233349032667,0.10779667348409457,0.10811609594139304,0.10802363154585927,0.10863725889803791,0.10923407454193769,0.10861204133561961,0.10882218768910545,0.10879697012668715,0.10944422089542352,0.10949465602026012,0.10933494479161089,0.10984770189411633,0.110015818976905,0.10985610774825576,0.10949465602026012,0.11062104047494421,0.11103292732777645,0.11187351274171979,0.1128065625511969,0.11359671284030365,0.11371439479825572,0.11400859969313588,0.11490802608605527,0.11500049048158903,0.11549643587581561,0.11599238127004219,0.11670687887189403,0.117404564765467,0.1174297823278853,0.11766514624378945,0.11793413357625131,0.11804340968006395,0.11825355603354978,0.1188839950940073,0.1192874760927001,0.11924544682200293,0.1195144341544648,0.1192622585302818,0.11902689461437765,0.11886718338572842,0.11912776486405086,0.11943037561307046,0.11950602830032536,0.11925385267614236,0.11922863511372406,0.1194892165920465,0.11899327119781992,0.12023733761045607,0.12045588981808135,0.12056516592189398,0.12115357571165432,0.1216495211058809,0.12236401870773274,0.12300286362232968,0.12328866266307041,0.12345677974585909,0.12465041103365863,0.12376779634901812,0.12384344903627302,0.12440664126361507,0.12404518953561942,0.12385185489041246,0.12382663732799416,0.12385185489041246,0.1240620012438983,0.12410403051459547,0.12402837782734057,0.1244150471177545,0.12492780422025994,0.12496142763681767,0.12553302571829916,0.12557505498899632,0.12575998378006384,0.12628114673670873,0.12678549798507474,0.12736550192069565,0.12792028829389826,0.12834898685500937,0.12833217514673048,0.12852550979193747,0.12855072735435577,0.1288869615199331,0.12929884837276534,0.1290634844568612,0.12927363081034704,0.12955102399694834,0.12980319962113135,0.13050929136884376,0.13097161334651258,0.13116494799171957,0.1322240856132882,0.13208959194705724,0.13239220269607685,0.13314032371448642,0.13328322323485678,0.1326359724661204,0.1319550982808263,0.13166089338594614,0.13188785144771084,0.1326611900285387,0.13198872169738404,0.1325603197788655,0.1322240856132882,0.13206437438463894,0.13280408954890907,0.13349336958834263,0.13413221450293958,0.13414902621121844,0.1342414906067522,0.13438439012712258,0.13528381652004196,0.13583860289324456,0.13672121757788508,0.1368052761192794,0.1366539707447696,0.1369817990562075,0.1372003512638328,0.1370574517434624,0.1374104976173186,0.13702382832690468,0.13749455615871295,0.137301221513506,0.13621686632951907,0.13656150634923583,0.13604034339259097,0.13662034732821188,0.1365278829326781,