# R script for Peak Model
#  -- generated by MACS
p <- c(0.027914380312448007,0.032518814178418814,0.03689542449372961,0.041811616902708855,0.046314129706542286,0.04658392075337651,0.04634410648952386,0.04614625972184543,0.04605033401630437,0.0460982968690749,0.046062324729497006,0.046296143636753335,0.04670982324189915,0.046493990404431765,0.04671581859849547,0.04663787896274336,0.046703827885302834,0.047069544637678117,0.0475072056692092,0.047591140661557625,0.04787292242158448,0.04772303850667658,0.04759713601815394,0.0474712335296313,0.047687066367098685,0.04778299207263974,0.047980838840318174,0.04799282955351081,0.0481786856079966,0.04834056023609714,0.047998824910107124,0.04801081562329976,0.048382527732271356,0.04862833735272032,0.04868229556208716,0.04883817483359138,0.04867030484889453,0.04873625377145401,0.048598360569738736,0.04835255094928977,0.04886215625997665,0.049006044818288234,0.048574379143353476,0.04856238843016084,0.04848444879440873,0.04799282955351081,0.04767507565390605,0.04762711280113552,0.04775301528965816,0.047980838840318174,0.04818468096459292,0.04832856952290451,0.04872426305826138,0.0490300262446735,0.04879620733741717,0.04917391480298509,0.04939574299704878,0.04959358976472722,0.049641552617497746,0.04957560369493827,0.049239863725544564,0.049335789431085623,0.049353775500874573,0.04913194730681088,0.04959358976472722,0.04996530187369882,0.049755464392827756,0.04982740867198355,0.049929329734120925,0.04973148296644249,0.04974946903623144,0.049773450462616706,0.050025255439661985,0.05038497683544095,0.05057083288992675,0.05023509292053305,0.05061879574269728,0.050816642510375716,0.050894582146127826,0.05127828496829206,0.05109842427040257,0.0509605310686873,0.05080465179718308,0.05067874930866044,0.05063678181248623,0.050840623936760976,0.050762684301008866,0.05052886539375254,0.05057083288992675,0.05097851713847625,0.051536085301933654,0.05175791349599735,0.05178789027897893,0.05198573704665736,0.051901802054308936,0.051937774193886836,0.052327472372647385,0.052501337713940555,0.05271117519481162,0.052675203055233724,0.05254930056671108,0.05254930056671108,0.0523334677292437,0.05254930056671108,0.052327472372647385,0.05235744915562897,0.05247735628755529,0.05258527270628898,0.052465365574362655,0.052501337713940555,0.05274714733438952,0.05308888266037953,0.05361047868425904,0.05340064120338798,0.05388626508768959,0.05419202827410171,0.05428195862304645,0.054413856468165406,0.05461170323584384,0.05458172645286226,0.05434790754560593,0.054377884328587506,0.05471362429798121,0.05477357786394438,0.05504936426737492,0.054917466422255964,0.0550433689107786,0.05497142463162281,0.05502538284098965,0.05567887670998811,0.05624843558663815,0.05597264918320761,0.05571484884956601,0.0558587374078776,0.05597264918320761,0.056350356648775524,0.05632037986579394,0.056716073401150806,0.05709378086671873,0.056871952672655025,0.056596166269224486,0.0570098458743703,0.05713574836289294,0.05715373443268189,0.056770031610517656,0.05655419877305027,0.05650623592027974,0.05630838915260131,0.056254430943234464,0.05606857488874866,0.05629639843940868,0.05636234736196816,0.056302393796005,0.0566021616258208,0.056829985176480816,0.05709378086671873,0.05750146511526823,0.05808301470511089,0.0583827825349267,0.05880245749666883,0.05877248071368725,0.058670559651549874,0.058688545721338824,0.05866456429495356,0.05927009531118149,0.05958185385418993,0.05987562632740942,0.059539886358015714,0.059653798133345724,0.05917416960564043,0.059150188179255166,0.059419979226089395,0.05964780277674941,0.05982166811804258,0.05987562632740942,0.06002551024231732,0.05977970062186836,0.06007946845168417,0.05998354274614311,0.06082289266962737,0.061644256523322685,0.06207592219825745,0.06238768074126589,0.06254356001277012,0.06244163895063273,0.062357703958284307,0.06266346714469644,0.06263948571831117,0.06280735570300802,0.0628013603464117,0.06284332784258592,0.0632090445949612,0.0634308727890249,0.06344286350221753,0.0636527009830886,0.06368267776607017,0.06352080313796964,0.06415631093717915,0.06416830165037178,0.06430019949549075,0.06415631093717915,0.0640244130920602,0.06408436665802336,0.06410834808440863,0.06384455239417071,0.06404239916184915,0.06437214377464653,0.06419827843335336,0.06465392553467339,0.06474385588361814,0.06482179551937024,0.06454001375934339,0.06462394875169182,0.06504961907003026,0.06542732653559818,0.06574508043520294,0.06602086683863348,0.06617075075354138,0.06615876004034875,0.06616475539694507,0.06654246286251299,0.06718996137491513,0.06726190565407092,0.06762162704984989,0.0681851905699036,0.06828711163204099,0.06865882374101259,0.06868280516739785,0.06879671694272786,0.06919840583468104,0.06919241047808472,0.06917442440829577,0.06977995542452371,0.06979794149431265,0.06991185326964267,0.07001976968837635,0.0701876396730732,0.07051138892927428,0.0706672682007785,0.07123682707742854,0.07130877135658432,0.07138071563574012,0.07138071563574012,0.07199823736516069,0.07183636273706015,0.07257978695500335,0.07235795876093966,0.07272367551331493,0.07338316473890971,0.07321529475421286,0.07376087220447763,0.07432443572453135,0.0743424217943203,0.07436040786410925,0.07488200388798875,0.07518776707440088,0.0757932980906288,0.0762369544787562,0.07597915414511461,0.07604510306767409,0.07637484768047148,0.076422810533242,0.07688445299115834,0.07701035547968099,0.07706431368904783,0.0767585505026357,0.07693241584392888,0.07687246227796572,0.07724417438693731,0.07745401186780838,0.07747199793759733,0.07802357074445841,0.07818544537255895,0.07849720391556739,0.07874900889261267,0.0788329438849611,0.07895884637348374,0.07984615914973853,0.08011595019657275,0.0805056483753333,0.08123708188008387,0.08175268254736706,0.08212439465633867,0.08235821356359499,0.08263399996702554,0.08331747061900557,0.08372515486755508,0.08331747061900557,0.08419878803866405,0.08446258372890196,0.08430670445739774,0.08392300163523352,0.08461846300040618,0.08485228190766252,0.08527195686940464,0.08538586864473466,0.0859254507384031,0.08645304211887893,0.08681875887125422,0.08771206700410532,0.0879638719811506,0.08910298973445067,0.08972051146387124,0.09086562457376762,0.09218460302495717,0.09352156754593567,0.09448681995794257,0.0949004995630884,0.0951283231137484,0.09592570554105845,0.09722669792245905,0.0976523682407975,0.09788019179145752,0.09827588532681439,0.09812600141190647,0.09854567637364861,0.09867157886217125,0.09946296593288498,0.10026034836019503,0.10033229263935083,0.10023037157721344,0.10066203725214821,0.10162728966415512,0.10179515964885197,0.10255656993658412,0.1028863145493815,0.10338392914687575,0.10412735336481894,0.10461897260571687,0.10525448040492638,0.10615378389437381,0.10653149135994172,0.10639959351482277,0.10710105023659176,0.10718498522894018,0.10735885057023335,0.10765262304345284,0.10758067876429706,0.10809627943158025,0.10844401011416657,0.10897759685123871,0.10940926252617347,0.11017666817050195,0.1106742827679962,0.11115391129570149,0.1118673587306631,0.11237096868475366,0.11303645326694475,0.11330024895718266,0.11315036504227476,0.11389378926021797,0.11434943636153799,0.11445735278027168,0.11444536206707905,0.115278716633967,0.11568640088251649,0.1162799411855518,0.11708331896945816,0.11740706822565923,0.11891789808793089,0.11883995845217879,0.11894787487091248,0.11925963341392092,0.11996109013568991,0.12054863508212889,0.12072849578001837,0.12129805465666842,0.12174770640139213,0.1221853674329232,0.12179566925416264,0.12247314454954637,0.12366622051221329,0.12447559365271597,0.1249672128936139,0.1251530689480997,0.12583653960007973,0.1263821170503445,0.12694568057039823,0.1273054019661772,0.12841454293649568,0.12978747959705209,0.13051891310180266,0.13110645804824164,0.1317599519172401,0.13246740399560542,0.1330609442986407,0.13377439173360234,0.13400821064085866,0.1348835327039208,0.13516531446394767,0.13512934232436977,0.13531519837885558,0.13578283619336823,0.13610059009297298,0.13686200038070515,0.13714977749732832,