# R script for Peak Model
#  -- generated by MACS
p <- c(0.035221075244989415,0.04125155426700153,0.04696463965627616,0.05296626471167578,0.05924681144432954,0.059852744743192,0.059689238932387846,0.060324026197862805,0.06080492564140444,0.06153589279558773,0.061728252573004384,0.06222838799428768,0.06286317525976265,0.0631132429704043,0.06314209693701679,0.06259387157137933,0.06269966944895848,0.062151444083321024,0.06186290441719604,0.06167054463977938,0.0613531510070419,0.061141555251883584,0.060247082286896146,0.06027593625350864,0.059833508765450336,0.059871980720933665,0.060083576476091985,0.060814543630275275,0.060718363741566944,0.06097804944107943,0.06118002720736692,0.060785689663662774,0.061660926650908554,0.061382004973654404,0.06157436475107106,0.06161283670655439,0.06161283670655439,0.06125697111833358,0.06121849916285025,0.061141555251883584,0.061795578495100215,0.06219953402767519,0.06209373615009603,0.062218770005416854,0.061872522406066874,0.06195908430590437,0.06182443246171271,0.06205526419461269,0.06160321871768356,0.06145894888462106,0.06075683569705028,0.06023746429802531,0.05981427278770867,0.05945840719948786,0.060150902398187815,0.059939306643029495,0.05989121669867534,0.059516115132712856,0.059939306643029495,0.06030479022012114,0.060391352119958636,0.0609395774855961,0.06145894888462106,0.06156474676220022,0.06195908430590437,0.06209373615009603,0.06214182609445019,0.06233418587186684,0.06195908430590437,0.06214182609445019,0.06242074777170434,0.06275737738218348,0.06309400699266263,0.06410389582410006,0.06365185034717093,0.06397886196877924,0.06393077202442507,0.06440205347909587,0.06492142487812085,0.06462326722312503,0.06486371694489584,0.06507531270005416,0.06519072856650417,0.06447899739006253,0.06413274979071257,0.06434434554587089,0.06462326722312503,0.06429625560151672,0.0644982333678042,0.06485409895602502,0.06468097515635003,0.06400771593539174,0.06388268208007092,0.06462326722312503,0.06510416666666667,0.06497913281134585,0.06504645873344167,0.06530614443295416,0.0657004819766583,0.06589284175407495,0.06591207773181662,0.06603711158713745,0.06596016767617077,0.06535423437730832,0.06568124599891663,0.06575818990988329,0.06559468409907913,0.06599863963165412,0.0657293359432708,0.0656139200768208,0.0656716280100458,0.06596978566504161,0.06589284175407495,0.06580627985423745,0.06525805448859999,0.06536385236617916,0.06526767247747083,0.06501760476682918,0.06479639102280002,0.06491180688925001,0.06482524498941251,0.06460403124538336,0.06485409895602502,0.06569086398778747,0.06596016767617077,0.06596016767617077,0.0665564829861624,0.06674884276357906,0.06687387661889989,0.06653724700842074,0.06652762901954991,0.06669113483035406,0.06662380890825824,0.06615252745358743,0.06635450521987492,0.06660457293051657,0.0667584607524499,0.06665266287487073,0.06709509036292904,0.06710470835179987,0.06747019192889152,0.06764331572856651,0.06749904589550401,0.06760484377308318,0.06774911360614566,0.0672008882405082,0.06694120254099571,0.06693158455212489,0.0672585961737332,0.06768178768404984,0.06738363002905402,0.06729706812921653,0.06776834958388733,0.06763369773969567,0.06768178768404984,0.06809536120549564,0.06826848500517063,0.06828772098291229,0.06797994533904565,0.06722012421824987,0.06807612522775397,0.06822039506081647,0.06819154109420397,0.06838390087162062,0.0687878564041956,0.06930722780322056,0.06912448601467475,0.06898021618161225,0.06848969874919979,0.0692302838922539,0.0687590024375831,0.06869167651548727,0.06838390087162062,0.06833581092726645,0.06795109137243315,0.06750866388437485,0.06726821416260403,0.06766255170630817,0.06839351886049146,0.06861473260452061,0.06876862042645393,0.06842237282710395,0.06849931673807061,0.06919181193677057,0.06919181193677057,0.06919181193677057,0.06945149763628305,0.06930722780322056,0.06916295797015808,0.06848969874919979,0.06822039506081647,0.06848008076032895,0.06856664266016645,0.06848008076032895,0.06852817070468312,0.0693456997587039,0.06954767752499139,0.06950920556950806,0.06962462143595805,0.0702882626680455,0.07063451026739548,0.07095190390013296,0.07103846579997046,0.07083648803368296,0.0707018361894913,0.070259408701433,0.070201700768208,0.07048062244546216,0.07054794836755798,0.07044215048997883,0.07041329652336632,0.07062489227852464,0.0709903758556163,0.07128853351061211,0.07150012926577043,0.07144242133254543,0.07165401708770375,0.07195217474269956,0.0723176583197912,0.07200026468705373,0.07212529854237455,0.07271199586349535,0.07283702971881617,0.07289473765204117,0.07302938949623283,0.0733467831289703,0.07383730056138277,0.07347181698429113,0.07286588368542866,0.07376035665041611,0.07419316614960358,0.07365455877283696,0.07366417676170779,0.0739046264834786,0.07420278413847442,0.0745778857044369,0.0744047619047619,0.07507802112572019,0.07565510045797016,0.07520305498104102,0.0749048973260452,0.07495298727039937,0.07523190894765353,0.07456826771556606,0.07437590793814941,0.07420278413847442,0.07451055978234107,0.07389500849460777,0.07445285184911607,0.07494336928152853,0.07519343699217018,0.07556853855813267,0.07538579676958684,0.07623217979022012,0.07675155118924509,0.0771651247106909,0.07686696705569508,0.07746328236568671,0.07734786649923672,0.07769411409858669,0.07787685588713252,0.07782876594277835,0.07785761990939086,0.07783838393164919,0.0775498442655242,0.07743442839907422,0.07789609186487419,0.07787685588713252,0.07826157544196582,0.07821348549761166,0.07850202516373664,0.07896368862953661,0.0791656663958241,0.07958885790614074,0.07984854360565323,0.07998319544984488,0.07995434148323238,0.08073339858176984,0.08096423031466982,0.08126238796966563,0.08109888215886148,0.08105079221450731,0.0817817593686906,0.08143551176934062,0.08200297311271976,0.08205106305707391,0.08210877099029891,0.08165672551336978,0.08134894986950313,0.08139703981385729,0.08137780383611562,0.08167596149111143,0.08108926416999064,0.0810796461811198,0.08088728640370316,0.08081996048160733,0.08135856785837396,0.08150283769143644,0.08119506204756981,0.08188755724626975,0.083253311665928,0.08385924496479047,0.0848979877628404,0.08619641626040282,0.08733133894716108,0.08920684677697346,0.09035138745260254,0.09176523181661496,0.0931598402028857,0.09403507719013149,0.09534312367656474,0.09596829295316886,0.0963337765302605,0.09711283362879795,0.09763220502782292,0.09722824949524794,0.09685314792928547,0.09722824949524794,0.09798807061604373,0.09811310447136455,0.09741099128379377,0.0978918907273354,0.09814195843797706,0.0983343182153937,0.0984785880484562,0.09881521765893535,0.09991166839021028,0.09968083665731028,0.09919031922489782,0.09983472447924362,0.10073881543310188,0.10067148951100606,0.10177755823115182,0.10138322068744768,0.10137360269857684,0.10174870426453932,0.10178717622002265,0.10198915398631014,0.10283553700694342,0.10220074974146846,0.10171985029792682,0.10216227778598513,0.10166214236470182,0.10304713276210174,0.10369153801644752,0.10398969567144334,0.10351841421677255,0.10375886393854336,0.10350879622790171,0.10442250517063081,0.10497073053626828,0.10496111254739746,0.10558628182400158,0.10499958450288079,0.10556704584625991,0.10587482149012656,0.10680776641059733,0.10764453144235978,0.10799077904170976,0.10872174619589305,0.10864480228492639,0.10926997156153051,0.10941424139459299,0.10961621916088049,0.109471949327818,0.10952003927217216,0.10961621916088049,0.10949118530555967,0.10968354508297631,0.10948156731668883,0.1094430953612055,0.10993361279361796,0.10966430910523464,0.10960660117200965,0.10966430910523464,0.10956812921652632,0.10997208474910129,0.11045298419264293,0.11112624341360122,0.11017406251538878,0.11093388363618456,0.11116471536908455,0.11202071637858867,0.11274206554390112,0.11310754912099276,0.11452139348500517,0.11493496700645098,0.11557937226079677,0.11509847281725513,0.11669505896981336,0.11771456579012163,0.11774341975673414,0.1173202282464175,0.11763762187915497,0.11838782501107992,0.11756067796818831,0.11725290232432166,0.1175895319348008,