# R script for Peak Model
#  -- generated by MACS
p <- c(0.028240680575410116,0.031239690902002338,0.0359881239191067,0.0395702751425363,0.04440201400204599,0.04348564973558726,0.04298581468115522,0.043235732208371236,0.043319038050776575,0.04265259131153386,0.04340234389318191,0.045318378268504725,0.04598482500774744,0.0463180483773688,0.045401684110910064,0.04506846074128871,0.04648466006217948,0.04648466006217948,0.04598482500774744,0.04690118927420618,0.04556829579572075,0.04473523737166735,0.044235402317235314,0.04431870815964065,0.04490184905647803,0.0459015191653421,0.04615143669255812,0.04615143669255812,0.04665127174699016,0.04656796590458482,0.04615143669255812,0.04648466006217948,0.04556829579572075,0.04656796590458482,0.04665127174699016,0.04565160163812609,0.044152096474829976,0.04490184905647803,0.046234742534963465,0.04556829579572075,0.04598482500774744,0.04648466006217948,0.04665127174699016,0.045318378268504725,0.04481854321407269,0.045318378268504725,0.046817883431800836,0.04556829579572075,0.04348564973558726,0.043652261420397936,0.04398548479001929,0.04398548479001929,0.04465193152926201,0.05048334049763578,0.05156631644890519,0.05214945734574257,0.05198284566093189,0.05214945734574257,0.053482350824228,0.053898880036254704,0.05456532677549742,0.055398385199550815,0.055481691041956153,0.05023342297041976,0.049816893758393065,0.04923375286155569,0.04923375286155569,0.04998350544320374,0.05040003465523044,0.05064995218244646,0.04965028207358239,0.04956697623117704,0.05056664634004112,0.050899869709662475,0.05256598655776927,0.05314912745460665,0.053898880036254704,0.05323243329701199,0.05314912745460665,0.05314912745460665,0.05323243329701199,0.052982515769795964,0.052899209927390625,0.053898880036254704,0.053732268351444026,0.05314912745460665,0.05214945734574257,0.053315739139417326,0.052982515769795964,0.05364896250903868,0.05364896250903868,0.053732268351444026,0.05239937487295859,0.05206615150333723,0.05015011712801442,0.05006681128560908,0.0499001996007984,0.04873391780712365,0.04748433017104355,0.04648466006217948,0.04615143669255812,0.046234742534963465,0.047317718486232875,0.04748433017104355,0.04840069443750229,0.04890052949193433,0.04915044701915035,0.05098317555206782,0.05248268071536393,0.05314912745460665,0.05481524430271344,0.05314912745460665,0.05214945734574257,0.05223276318814791,0.05156631644890519,0.052316069030553254,0.053399044981822665,0.052899209927390625,0.05273259824257995,0.05273259824257995,0.0511497872368785,0.05323243329701199,0.05406549172106538,0.05439871509068674,0.05464863261790276,0.053815574193849365,0.053399044981822665,0.0543154092482814,0.05448202093309208,0.0547319384603081,0.05564830272676683,0.055814914411577515,0.056897890362846926,0.05664797283563091,0.05798086631411634,0.05806417215652168,0.057481031259684304,0.055398385199550815,0.0551484676723348,0.055398385199550815,0.05464863261790276,0.05456532677549742,0.053732268351444026,0.054898550145118775,0.05464863261790276,0.054898550145118775,0.057481031259684304,0.05848070136854838,0.05998020653184449,0.06081326495589789,0.061979546749572643,0.06114648832551924,0.061479711695140604,0.06014681821665517,0.059480371477412454,0.06081326495589789,0.05923045395019644,0.057814254629305666,0.056897890362846926,0.05664797283563091,0.05656466699322557,0.05648136115082023,0.05481524430271344,0.05364896250903868,0.053482350824228,0.051816233976121215,0.05056664634004112,0.053898880036254704,0.053315739139417326,0.052899209927390625,0.05256598655776927,0.051316398921689176,0.05198284566093189,0.052316069030553254,0.05206615150333723,0.05323243329701199,0.053399044981822665,0.05040003465523044,0.05015011712801442,0.05048334049763578,0.05023342297041976,0.05156631644890519,0.05098317555206782,0.051816233976121215,0.05448202093309208,0.05523177351474014,0.05564830272676683,0.056981196205252264,0.05881392473816974,0.05823078384133236,0.057897560471711004,0.057897560471711004,0.058980536422980415,0.05964698316222313,0.059480371477412454,0.05839739552614304,0.05881392473816974,0.0583140896837377,0.05673127867803625,0.057814254629305666,0.05998020653184449,0.06164632337995128,0.06272929933122069,0.06289591101603137,0.061396405852735265,0.06056334742868187,0.06064665327108721,0.06256268764641001,0.06381227528249012,0.06156301753754594,0.06064665327108721,0.05964698316222313,0.05856400721095372,0.058897230580575076,0.059397065635007115,0.058897230580575076,0.06072995911349255,0.059313759792601776,0.057897560471711004,0.059397065635007115,0.05956367731981779,0.06039673574387119,0.06072995911349255,0.06031342990146585,0.060896570798303226,0.06181293506476196,0.06023012405906051,0.05998020653184449,0.06081326495589789,0.06031342990146585,0.06039673574387119,0.059313759792601776,0.05964698316222313,0.05964698316222313,0.05848070136854838,0.058980536422980415,0.05973028900462847,0.059480371477412454,0.06081326495589789,0.06114648832551924,0.061396405852735265,0.06131310001032993,0.060979876640708565,0.06131310001032993,0.06181293506476196,0.06289591101603137,0.06322913438565274,0.06281260517362604,0.06072995911349255,0.06039673574387119,0.059313759792601776,0.059397065635007115,0.06006351237424983,0.05981359484703381,0.061063182483113904,0.05998020653184449,0.05856400721095372,0.059896900689439155,0.060480041586276526,0.06056334742868187,0.06264599348881536,0.06289591101603137,0.06297921685843672,0.062312770119194,0.061979546749572643,0.06372896944008477,0.06364566359767944,0.06256268764641001,0.0654783921305969,0.06514516876097555,0.06297921685843672,0.06281260517362604,0.06222946427678866,0.06381227528249012,0.06214615843438332,0.06114648832551924,0.06289591101603137,0.06489525123375953,0.06281260517362604,0.06381227528249012,0.06597822718502894,0.06639475639705564,0.06556169797300224,0.06447872202173283,0.06531178044578623,0.06497855707616487,0.06447872202173283,0.06331244022805807,0.06314582854324739,0.06289591101603137,0.06256268764641001,0.06289591101603137,0.06489525123375953,0.06481194539135418,0.0639788869673008,0.06372896944008477,0.06281260517362604,0.06489525123375953,0.06531178044578623,0.0675610381907304,0.06672797976667699,0.06831079077237845,0.06931046088124253,0.07047674267491728,0.07214285952302407,0.07272600041986145,0.07447542311037357,0.07405889389834688,0.07530848153442697,0.07530848153442697,0.07780765680658716,0.07805757433380318,0.0774744334369658,0.07905724444266725,0.0795570794970993,0.07964038533950463,0.07997360870912598,0.08113989050280074,0.08088997297558473,0.08255608982369152,0.08163972555723278,0.08005691455153133,0.08055674960596336,0.08014022039393667,0.08088997297558473,0.08322253656293423,0.08330584240533957,0.0806400554483687,0.08055674960596336,0.07772435096418182,0.0783074918610192,0.07930716196988327,0.07847410354582987,0.07947377365469395,0.07714121006734444,0.07547509321923765,0.07539178737683232,0.07630815164329105,0.0770579042249391,0.07847410354582987,0.07939046781228862,0.07964038533950463,0.08005691455153133,0.07897393860026192,0.08280600735090754,0.08413890082939297,0.08480534756863568,0.08572171183509442,0.08497195925344636,0.08497195925344636,0.08697129947117452,0.08880402800409198,0.08963708642814538,0.08930386305852402,0.0878043578952279,0.0886374163192813,0.0886374163192813,0.09080336822182013,0.09205295585790023,0.09296932012435896,0.0918030383306842,0.0913865091186575,0.0918030383306842,0.09405229607562837,0.0970513064022206,0.09613494213576186,0.09680138887500458,0.09655147134778856,0.09963378751678613,0.10080006931046089,0.10163312773451427,0.10246618615856767,0.10413230300667446,0.10429891469148514,0.10171643357691962,0.102549492000973,0.10279940952818903,0.10238288031616233,0.10096668099527156,0.10213296278894632,0.10163312773451427,0.10971379444783222,0.10929726523580552,0.10921395939340017,0.11004701781745357,0.11079677039910163,0.1130460281440458,0.11404569825290987,0.11254619308961376,0.1126294989320191,0.11221296971999241,0.10754784254529338,0.11013032365985892,0.1141290040953152,