# R script for Peak Model
#  -- generated by MACS
p <- c(0.04366937450246363,0.051003598900147946,0.05814265290899443,0.06547548323247276,0.07280134318492117,0.07286547059839646,0.07287801726625032,0.07278740244286132,0.07269260539685438,0.07244446018818915,0.07265914761591075,0.07271212243573816,0.07287244096942638,0.07279158466547928,0.07263544835440902,0.07257550316355169,0.0725741090893457,0.07253228686316616,0.07280413133333313,0.07284734763371865,0.07287522911783835,0.07284874170792464,0.07272048688097407,0.07286547059839646,0.0729867550543171,0.07286686467260244,0.072816678001187,0.0728431654111007,0.07274139799406383,0.07278043207183141,0.07268284687741249,0.07238869721994977,0.0725643505699038,0.07234408684535826,0.07215588682755036,0.07203739052004168,0.07222001424102564,0.07226323054141116,0.07216564534699225,0.0722590483187932,0.07230784091600266,0.07238172684891984,0.0724305194461293,0.07254762167943199,0.07264938909646886,0.0726284779833791,0.07227298906085305,0.07231620536123858,0.0722604423929992,0.0722590483187932,0.0721698275696102,0.0723050527675907,0.07206945422677932,0.07197883940339032,0.07203320829742373,0.07210988237875288,0.07219910312793587,0.07201369125853994,0.07206108978154341,0.0718645253184996,0.07197744532918435,0.07182549124073204,0.07175578753043281,0.07165123196498398,0.07170699493322336,0.0715508586221531,0.07146442602138206,0.07172790604631313,0.0716219564066583,0.07170560085901738,0.0718199149439081,0.07172511789790116,0.0717209356752832,0.07191052976729709,0.07183943198279188,0.07212382312081271,0.07214334015969649,0.0719983564422741,0.07200811496171601,0.07212800534343067,0.07193144088038686,0.07202763200059979,0.07219492090531793,0.07198720384862624,0.0718017919792303,0.07169305419116351,0.07151182454438554,0.07134453563966739,0.0714239978694085,0.07131526008134172,0.0713264126749896,0.0712553148904844,0.07110893709885602,0.07111869561829791,0.07118979340280311,0.07106990302108845,0.07121070451589288,0.07126089118730833,0.07120791636748092,0.07120512821906895,0.07111869561829791,0.07120791636748092,0.07134592971387338,0.07155782899318303,0.07141145120155465,0.07128180230039809,0.07143236231464442,0.0715689815868309,0.07154110010271121,0.07148394306026584,0.07154528232532915,0.07140448083052472,0.07109499635679617,0.07092910152628402,0.07111730154409193,0.07122046303533477,0.07106153857585254,0.07120373414486296,0.07131944230395967,0.07125670896469037,0.07151182454438554,0.07166517270704383,0.0718561608732637,0.07189798309944323,0.07184222013120385,0.07186870754111756,0.07175857567884478,0.07140587490473072,0.07138496379164094,0.07163729122292413,0.0713347771202255,0.07148673120867781,0.071649837890778,0.07174324086257895,0.07187149568952952,0.07201926755536388,0.07213636978866658,0.07235384536480015,0.07231062906441463,0.07221443794420171,0.07222280238943761,0.07210988237875288,0.07188543643158937,0.07191610606412104,0.07209594163669303,0.07209594163669303,0.07224928979935132,0.07220328535055383,0.07227438313505904,0.07227717128347101,0.07242076092668741,0.07229947647076676,0.07238033277471385,0.07214612830810847,0.07181015642446621,0.07172232974948918,0.07153970602850522,0.07163589714871815,0.0716303208518942,0.07163450307451216,0.0716233504808643,0.07171814752687124,0.07184500827961582,0.07204714903948357,0.07222001424102564,0.07232875202909243,0.07251416389848837,0.0724653713012789,0.0723496631421822,0.07231481128703258,0.07239706166518567,0.07251416389848837,0.0722869298029129,0.07224371350252738,0.07223116683467352,0.07224650165093935,0.07226462461561714,0.0722325609088795,0.07245143055921907,0.07257829131196365,0.07257968538616964,0.07268563502582445,0.07293935653131363,0.07291565726981189,0.07284037726268873,0.07293796245710765,0.0731038572876198,0.07324605285663022,0.07328787508280975,0.07324047655980628,0.07343425287443812,0.07344679954229198,0.07337709583199276,0.07337430768358079,0.07347468102641166,0.07306900543247019,0.07279576688809723,0.07296444986702136,0.07302997135470263,0.07309270469397193,0.07302578913208467,0.07325023507924817,0.07324326470821825,0.07335339657049102,0.0733994010192885,0.07418287072305178,0.07429300258532455,0.0742971848079425,0.07441010481862725,0.0744407744511589,0.07452023668090002,0.0743348248115041,0.07446586778686663,0.074612245578495,0.07487990782604402,0.07471680114394384,0.0746931018824421,0.07466800854673437,0.07473910633123959,0.0748283270804226,0.07466243224991044,0.07462479224634887,0.0747293478117977,0.07484366189668842,0.07472377151497375,0.07479626337368495,0.07504440858235019,0.07505974339861601,0.07498306931728688,0.07507786636329382,0.07515872266724091,0.07541383824693607,0.07555324566753452,0.07548633010564726,0.07574981013057833,0.07580975532143566,0.07597286200353584,0.07605511238168892,0.07603698941701113,0.07606487090113082,0.07610669312731036,0.07616663831816768,0.0761025109046924,0.07620288424752328,0.0759951671908316,0.07593103977735631,0.07601886645233333,0.07597843830035979,0.07604256571383507,0.07622240128640707,0.07649006353395608,0.0763729613006534,0.07667268725494006,0.07685531097592402,0.07719267693377226,0.07744500436505546,0.07750634363011877,0.0776387806796873,0.07782976884590717,0.07802075701212703,0.07807651998036641,0.07812670665178185,0.07829260148229401,0.07823405036564267,0.07817549924899131,0.0781490118390776,0.07828563111126409,0.07865784892426195,0.07886556598095362,0.07900357932734609,0.07907188896343934,0.07931027565266267,0.0793618563982841,0.07963648901686304,0.07990275719020608,0.0801244149889576,0.08010210980166185,0.08007004609492421,0.08022897055440645,0.080180177957197,0.0805119676182213,0.08081866394353787,0.0811225721204425,0.08127731435730677,0.08126616176365889,0.08131774250928031,0.08148503141399846,0.0815617054953276,0.08158958697944729,0.08194368182776735,0.08185446107858434,0.08199108035077082,0.08205381369004013,0.08236329816376867,0.08264350707917155,0.08271042264105881,0.08270902856685282,0.08315234416435588,0.08341582418928695,0.08361238865233075,0.08402642869150814,0.08431639612635292,0.08464260949055329,0.0850719843459965,0.08593770442791286,0.086822941548713,0.08783364534805174,0.08827417279714284,0.08876906914026733,0.08918729140206266,0.0898843285050549,0.0905409374560736,0.09089085008177569,0.09113899529044094,0.09094940119842704,0.09095497749525099,0.0909173374916894,0.09113620714202897,0.09149866643558492,0.09154467088438241,0.09168407830498086,0.09171893016013047,0.09202980870806501,0.09213994057033778,0.09267108284281787,0.09295686805504469,0.09304051250740375,0.09326635252877324,0.09330259845812884,0.09367621034533267,0.09372500294254213,0.09358001922511974,0.09365948145486086,0.09395781333494153,0.09389647406987822,0.09386859258575853,0.09418922965313496,0.09458654080184054,0.09491414824024688,0.09503264454775556,0.09533794679886616,0.09578683869319317,0.09611444613159952,0.09624548910696205,0.09630125207520143,0.09667625803661126,0.09684494101553538,0.09684075879291743,0.09692997954210043,0.09735935439754365,0.09740535884634113,0.09756707145423534,0.09767441516809615,0.0978305514791664,0.09832405374808491,0.09851643598851076,0.09868233081902292,0.09895696343760185,0.0991604982716756,0.09904757826099085,0.09924414272403466,0.09952574571364352,0.09953132201046747,0.09972928054771726,0.09974879758660105,0.09976692055127884,0.09983662426157806,0.09974461536398309,0.09971952202827536,0.09990214574925933,0.10016980799680836,0.10020884207457592,0.1004430465411813,0.10084872213512279,0.10082502287362105,0.10106480363705038,0.10154994146073298,0.10193191779317272,0.10203647335862157,0.10230552968037657,0.1023111059772005,0.10257737415054353,0.10262895489616496,0.1026707771223445,0.10318797865276473,0.10333993274121704,0.1032716231051238,0.10326047051147592,0.1035504379463207,0.10370239203477301,0.10381252389704577,0.10408297429300677,0.10457090026510134,0.10466430323690229,0.1048887491840658,0.10510064846337543,0.10531115366847908,0.10559554480649992,0.10606534781391669,0.1064515063689744,