# R script for Peak Model
#  -- generated by MACS
p <- c(0.020693769634314674,0.023115380974500433,0.026637724742043355,0.029059336082229114,0.031260800936943445,0.030600361480529144,0.03104065445147201,0.030380214995057712,0.030380214995057712,0.02795860365487195,0.026637724742043355,0.02707801771298622,0.02619743177110049,0.03170109390788631,0.031480947422414876,0.03192124039335774,0.030380214995057712,0.02949962905317198,0.029719775538643415,0.030380214995057712,0.029939922024114846,0.02949962905317198,0.028839189596757683,0.02377582043091473,0.024216113401857597,0.02201464854714327,0.022675088003557567,0.024216113401857597,0.0235556739454433,0.023115380974500433,0.024656406372800463,0.02377582043091473,0.024656406372800463,0.026637724742043355,0.027298164198457653,0.02949962905317198,0.029719775538643415,0.02795860365487195,0.026857871227514787,0.027298164198457653,0.025977285285629058,0.02795860365487195,0.027518310683929088,0.02531684582921476,0.025096699343743326,0.024876552858271894,0.02619743177110049,0.025757138800157627,0.026637724742043355,0.02795860365487195,0.02795860365487195,0.02773845716940052,0.029939922024114846,0.030600361480529144,0.031260800936943445,0.03236153336430061,0.03192124039335774,0.03214138687882917,0.030600361480529144,0.02949962905317198,0.02949962905317198,0.02927948256770055,0.02773845716940052,0.027298164198457653,0.025757138800157627,0.023115380974500433,0.023115380974500433,0.02553699231468619,0.026857871227514787,0.029719775538643415,0.030820507966000575,0.03104065445147201,0.03258167984977204,0.033902558762600635,0.0350032911899578,0.03764504901561499,0.036764463073729256,0.03632417010278639,0.036984609559200694,0.0356637306463721,0.03610402361731496,0.03522343767542923,0.03236153336430061,0.031480947422414876,0.030160068509586278,0.02949962905317198,0.030820507966000575,0.029719775538643415,0.02861904311128625,0.02707801771298622,0.027518310683929088,0.028398896625814816,0.030160068509586278,0.030600361480529144,0.03236153336430061,0.03236153336430061,0.0330219728207149,0.03478314470448637,0.0343428517335435,0.03544358416090066,0.0343428517335435,0.034122705248072066,0.0350032911899578,0.0336824122771292,0.03236153336430061,0.030820507966000575,0.028839189596757683,0.025757138800157627,0.027298164198457653,0.026857871227514787,0.02619743177110049,0.026857871227514787,0.024436259887329028,0.024436259887329028,0.025977285285629058,0.026637724742043355,0.026417578256571924,0.030160068509586278,0.030600361480529144,0.031260800936943445,0.031260800936943445,0.030160068509586278,0.031480947422414876,0.03214138687882917,0.030600361480529144,0.031260800936943445,0.03280182633524347,0.030600361480529144,0.02861904311128625,0.028178750140343385,0.02949962905317198,0.02861904311128625,0.027518310683929088,0.028178750140343385,0.02927948256770055,0.02927948256770055,0.029939922024114846,0.02949962905317198,0.029719775538643415,0.02949962905317198,0.02949962905317198,0.03104065445147201,0.03192124039335774,0.031480947422414876,0.03346226579165777,0.034122705248072066,0.0330219728207149,0.03478314470448637,0.0356637306463721,0.036544316588257825,0.0356637306463721,0.03632417010278639,0.03522343767542923,0.0343428517335435,0.034122705248072066,0.0336824122771292,0.0336824122771292,0.03258167984977204,0.033242119306186334,0.03280182633524347,0.0330219728207149,0.03192124039335774,0.0343428517335435,0.03544358416090066,0.033902558762600635,0.034122705248072066,0.03522343767542923,0.03742490253014356,0.037204756044672126,0.03764504901561499,0.03918607441391502,0.039846513870329316,0.040286806841272185,0.039626367384857884,0.03896592792844358,0.03874578144297215,0.03918607441391502,0.03764504901561499,0.03808534198655786,0.03808534198655786,0.03874578144297215,0.04050695332674362,0.042708418181457944,0.04402929709428654,0.046230761949000866,0.04843222680371519,0.05019339868748665,0.051294131114843815,0.05349559596955814,0.055036621367858175,0.05547691433880104,0.054376181911443874,0.05305530299861528,0.0559172073097439,0.0565776467661582,0.057678379193515365,0.05635750028068677,0.057458232708043934,0.05679779325162963,0.057017939737101064,0.05635750028068677,0.06142086944652972,0.06164101593200115,0.05877911162087253,0.06120072296105829,0.05899925810634396,0.05899925810634396,0.05921940459181539,0.060320137019172555,0.06142086944652972,0.06406262727218691,0.060980576475586856,0.05877911162087253,0.060540283504643994,0.0585589651354011,0.05877911162087253,0.05987984404822969,0.060099990533701124,0.06120072296105829,0.06318204133030118,0.06186116241747259,0.06120072296105829,0.06450292024312979,0.06384248078671548,0.06340218781577261,0.06296189484482975,0.06142086944652972,0.060980576475586856,0.06120072296105829,0.057678379193515365,0.05811867216445823,0.05965969756275826,0.057458232708043934,0.06164101593200115,0.06362233430124405,0.06538350618501551,0.06780511752520127,0.07022672886538703,0.06956628940897273,0.07022672886538703,0.06978643589444417,0.07066702183632989,0.07286848669104422,0.07110731480727275,0.07154760777821563,0.07110731480727275,0.06912599643802987,0.06758497103972984,0.0693461429235013,0.07198790074915849,0.07352892614745851,0.07529009803122998,0.07837214882783004,0.08101390665348723,0.0814541996244301,0.08387581096461585,0.08783844770310165,0.09070035201423027,0.08937947310140167,0.091580937956116,0.09356225632535889,0.0922413774125303,0.0902600590432874,0.08673771527574448,0.0889391801304588,0.08783844770310165,0.08563698284838732,0.08453625042103015,0.08629742230480161,0.08321537150820156,0.08475639690650158,0.08849888715951594,0.09070035201423027,0.09576372118007322,0.0922413774125303,0.09752489306384468,0.09928606494761615,0.09906591846214471,0.09774503954931611,0.1017076762878019,0.11799851621268792,0.11865895566910221,0.12019998106740225,0.11865895566910221,0.12548349671871664,0.12504320374777378,0.12702452211701667,0.12944613345720243,0.13428935613757395,0.1353900885649311,0.11931939512551652,0.11645749081438789,0.1151366119015593,0.1151366119015593,0.11051353570665921,0.11271500056137354,0.11403587947420213,0.11733807675627363,0.1151366119015593,0.1131552935323164,0.11777836972721649,0.12394247132041661,0.1252633502332452,0.12702452211701667,0.1301065729136167,0.12966627994267385,0.13054686588455958,0.12878569400078813,0.13098715885550244,0.13583038153587398,0.13296847722474534,0.12944613345720243,0.13450950262304537,0.13759155341964543,0.1402333112453026,0.13825199287605974,0.14045345773077406,0.14353550852737412,0.1441959479837884,0.14133404367265978,0.1441959479837884,0.1468377058094456,0.1422146296145455,0.14353550852737412,0.14287506907095981,0.14353550852737412,0.1426549225854884,0.13847213936153116,0.14045345773077406,0.1448563874402027,0.14397580149831699,0.1419944831290741,0.14155419015813123,0.13825199287605974,0.1353900885649311,0.13516994207945968,0.13274833073927392,0.1360505280213454,0.1353900885649311,0.1334087701956882,0.1318677447973882,0.13362891668115964,0.13516994207945968,0.13759155341964543,0.14353550852737412,0.14551682689661702,0.15102048903340282,0.15388239334453144,0.15432268631547433,0.1547629792864172,0.15806517656848867,0.15630400468471722,0.15322195388811716,0.15366224685906002,0.15036004957698854,0.14903917066415992,0.14375565501284554,0.14155419015813123,0.1426549225854884,0.1419944831290741,0.13913257881794547,0.13957287178888833,0.1441959479837884,0.14463624095473127,0.14507653392567416,0.1426549225854884,0.14573697338208844,0.1448563874402027,0.14287506907095981,0.1402333112453026,0.1367109674777597,0.13759155341964543,0.13428935613757395,0.1320878912828596,0.12900584048625957,0.13230803776833105,0.13142745182644533,0.13252818425380247,0.1360505280213454,0.1380318463905883,0.14111389718718836,0.14463624095473127,0.14837873120774564,0.1481585847222742,0.14925931714963137,0.15212122146076,0.15410253983000288,0.15608385819924578,0.1547629792864172,0.15586371171377433,0.15366224685906002,0.14903917066415992,0.14441609446925985,0.14309521555643126,0.14573697338208844,