# R script for Peak Model
#  -- generated by MACS
p <- c(0.024229761133954874,0.027826005587671232,0.031745450327527576,0.0356546347408398,0.03983058764429931,0.03950225719488726,0.039281660174188535,0.03946121588871075,0.039999883032277396,0.04014352760389517,0.040379515114410076,0.04116956025830783,0.041267033360477025,0.041667186095697965,0.041415808095366866,0.0416620559324259,0.04202116736147033,0.04194934507566144,0.041846741810220175,0.041651795605881774,0.04169283691205828,0.04135937629937417,0.04183135132040399,0.04189291327966875,0.042293066014889684,0.04251879319886047,0.04283173315845633,0.04269321875011062,0.0428214728319122,0.043195974750772824,0.043442222587831855,0.04374490222088359,0.043565346506361374,0.04329344785294202,0.0434217019347436,0.043637168792170264,0.043652559281986456,0.044222007405185476,0.04421174707864135,0.044216877241913415,0.04450416638514896,0.04443747426261213,0.044673461773127046,0.04468885226294324,0.044781195201840374,0.044457994915700384,0.04445286475242832,0.04421174707864135,0.044032191364119136,0.04412453430301627,0.04405271201720739,0.04400654054775882,0.04413992479283246,0.044668331609854985,0.04501718271235528,0.04533525283522321,0.04539681479448797,0.04540707512103209,0.04559176099882637,0.04572001508062795,0.04590470095842223,0.04641771728562856,0.046330504510003485,0.046079126509672386,0.04603295504022382,0.04610990748930476,0.04643310777544475,0.04668961593904791,0.04686404149029807,0.047017946388459964,0.04705898769463647,0.04718724177643805,0.04756174369529867,0.048064499695960876,0.048362049165740544,0.04871603043151291,0.04883915435004243,0.049013579901292584,0.049198265779086855,0.049459904105962085,0.04951633590195478,0.049264957901623684,0.04936756116706495,0.049193135615814794,0.049085402187101466,0.048957148105299886,0.04879811304386592,0.04862368749261577,0.048957148105299886,0.04909566251364559,0.049290608717984,0.04974719324919763,0.049583028024491604,0.05013708565787444,0.05016786663750682,0.05017812696405095,0.050290990556036336,0.05070653378107346,0.0507014036178014,0.05096304194467663,0.05113746749592678,0.05098356259776488,0.0511066865162944,0.05107590553666202,0.051255461251184235,0.05160431235368454,0.05171204578239787,0.051583791700596286,0.05153762023114771,0.051116946842838525,0.051122077006110586,0.05160431235368454,0.05221993194633213,0.05204037623180992,0.0518608205172877,0.05218402080342769,0.052773989579714964,0.05315362166184765,0.05341012982545081,0.05416426382644411,0.05469267064346663,0.05469267064346663,0.05434381954096633,0.054831185051812344,0.05520568697067296,0.055210817133945024,0.055092823378687567,0.05511334403177582,0.055339071215746605,0.055272379093209784,0.05516977582776852,0.05539037284846724,0.05558531905280564,0.055723833461151354,0.05609320521673991,0.056247110114901806,0.05665752317666687,0.05708332672824812,0.0572680126060424,0.05756043191255,0.05741678734093223,0.057447568320564614,0.05782207023942523,0.05813501019902109,0.05818631183174173,0.05865315668949948,0.05863263603641123,0.05882245207747757,0.05920721432288232,0.05955606542538262,0.06017681518130228,0.06092581901902352,0.061423444856413656,0.06171586416292126,0.06202880412251712,0.062110886734870134,0.06258286175589996,0.06260851257226027,0.06301379547075327,0.06330621477726088,0.06349603081832722,0.06381410094119515,0.06399365665571737,0.06440406971748242,0.06490682571814463,0.06533775943299794,0.06584051543366014,0.0664612651895798,0.06635353176086647,0.06666647172046233,0.06732313261928642,0.06758990110943372,0.06793362204866196,0.06844663837586829,0.0691853818870454,0.06948293135682507,0.06957014413245015,0.06994977621458283,0.07065773874612756,0.07155551731873863,0.0721044447888494,0.07249433719752621,0.07318690923925476,0.0736281032806522,0.07357680164793157,0.07407955764859377,0.07492090442521214,0.07522358405826388,0.07553652401785974,0.07502863785392548,0.07487986311903563,0.07525436503789626,0.07555191450767593,0.07562886695675688,0.07647534389664733,0.07724999855072888,0.07732695099980982,0.07810160565389138,0.07844532659311962,0.07929693369628213,0.08033835684051097,0.08057947451429795,0.08076416039209222,0.08143108161746045,0.08165167863815917,0.08176967239341662,0.08250328574132168,0.08289317814999848,0.08308812435433689,0.08347288659974164,0.08354983904882259,0.08429884288654382,0.08510427852025776,0.08526331358169172,0.08563268533728027,0.08608926986849391,0.08643812097099421,0.08680749272658277,0.08748467427849511,0.08845940530018714,0.08910067570919505,0.08940848550551884,0.08982402873055598,0.09023444179232104,0.0906038135479096,0.09129125542636607,0.09161958587577812,0.09187609403938128,0.09237371987677143,0.0923070277542346,0.09264561853019078,0.0928816060407057,0.093312539755559,0.09405641343000819,0.0943744835528761,0.09449247730813357,0.09500549363533989,0.09571345616688462,0.09582118959559795,0.09634959641262048,0.0968626127398268,0.09748336249574645,0.09748849265901852,0.09760648641427597,0.0978116929451585,0.09799637882295278,0.0980784614353058,0.0984119220479899,0.09894545902828449,0.0989711098446448,0.09879668429339465,0.0988736367424756,0.09956107862093208,0.10014591723394729,0.10075640666332282,0.101012914826926,0.10138741674578661,0.10159775343994121,0.10202868715479452,0.1022133730325888,0.10236727793075069,0.10288029425795703,0.10318810405428082,0.10344974238115605,0.10398327936145063,0.10415257474942871,0.1044347337293922,0.10443986389266426,0.10467585140317917,0.1050349628322236,0.10592248107829055,0.10624055120115847,0.10647653871167338,0.10679973899781336,0.10708702814104891,0.10780525099913778,0.10830800699979998,0.10859016597976345,0.10882615349027837,0.10960593830763199,0.11029338018608846,0.11083717749292717,0.11148870822847921,0.11176573704517062,0.11197094357605315,0.11228901369892108,0.11253013137270805,0.1133612178227823,0.11365876729256198,0.11352025288421627,0.11355616402712071,0.11378702137436356,0.11359720533329722,0.11383319284381213,0.11384858333362832,0.11442829178337147,0.1148848763145851,0.11540815296833555,0.11625976007149806,0.11719857995028564,0.11744482778734468,0.11802966640035989,0.11908648003440493,0.11956871538197887,0.12052805591385471,0.12072300211819312,0.1212565390984877,0.12143096464973785,0.12204145407911338,0.12215944783437083,0.12245699730415051,0.12249290844705495,0.12215944783437083,0.12279558808010668,0.12307774706007016,0.12278532775356255,0.12307774706007016,0.12316495983569524,0.12324191228477618,0.12316495983569524,0.12382162073451934,0.12406273840830631,0.12464757702132152,0.12421664330646821,0.12433976722499773,0.12532475857323389,0.1255453555939326,0.12589933685970497,0.12597115914551385,0.12650469612580842,0.12630461975819796,0.12644313416654368,0.12635592139091859,0.12704849343264712,0.1268997186977573,0.12712544588172808,0.12757177008639758,0.12777697661728013,0.12790523069908172,0.12796679265834646,0.1281155673932363,0.12821817065867758,0.1286747551898912,0.1288132695982369,0.1289261331902223,0.1287568378022442,0.12824382147503788,0.12822330082194963,0.1284798089855528,0.12890561253713403,0.129387847884708,0.12978287045665687,0.1299316451915467,0.13029075662059114,0.1311064525808492,0.131414262377173,0.13194779935746756,0.13252750780721073,0.13228639013342375,0.13228639013342375,0.132306910786512,0.13249159666430627,0.13292766054243166,0.13279427629735802,0.1329071398893434,0.13326112115511576,0.13324573066529957,0.13304052413441705,0.13375874699250592,0.1342768934829843,0.13482582095309506,0.13494381470835254,0.13506180846361,0.13575438050533853,0.13567229789298552,0.13607245062820644,0.13642643189397882,0.13699074985390577,0.13677528299647912,0.1366932003841261,0.13639052075107438,0.1363033079754493,0.1363700000979861,0.13573899001552234,0.13589289491368423,0.1359954981791255,0.13607758079147853,0.1358415932809636,0.1363443492816258,0.13669833054739816,0.13708822295607498,0.1372677786705972,0.13759610912000925,0.13787826809997272,0.13810912544721557,0.13809886512067143,0.13789878875306097,