# R script for Peak Model
#  -- generated by MACS
p <- c(0.030545141309619737,0.03469876931197389,0.039012152237495504,0.04399650584032048,0.04869330058144402,0.0483098887658421,0.047447212180737774,0.0468401434727014,0.046967947411235375,0.04703184938050236,0.046808192488067904,0.047063800365135855,0.047159653319036335,0.04751111415000476,0.047191604303669824,0.047063800365135855,0.046904045441968384,0.04664843756490044,0.04655258461099996,0.04722355528830332,0.0473194082422038,0.0473194082422038,0.04770282005780572,0.047638918088538734,0.04795842793487367,0.04853354565827655,0.048757202550711004,0.04946012421264786,0.04936427125874738,0.048661349596810524,0.049140614366312924,0.049779634058982794,0.05009914390531773,0.04955597716654834,0.05016304587458472,0.0492684183048469,0.049492075197281354,0.04898085944314546,0.049204516335579915,0.049747683074349305,0.05121742836749,0.05166474215235891,0.05214400692186131,0.052719124645264195,0.05176059510625939,0.052080104952594325,0.05233571282966227,0.05239961479892926,0.052271810860395285,0.05201620298332734,0.05019499685921821,0.04862939861217703,0.04776672202707271,0.047447212180737774,0.048757202550711004,0.04843769270437607,0.048118182858041134,0.047990378919507165,0.04741526119610428,0.04786257498097319,0.04741526119610428,0.049012810427778955,0.048565496642910044,0.048469643689009564,0.04795842793487367,0.048373790735109085,0.0492684183048469,0.049044761412412444,0.04933232027411389,0.048373790735109085,0.04862939861217703,0.04722355528830332,0.047351359226837295,0.04805428088877415,0.04767086907317223,0.04776672202707271,0.04741526119610428,0.047926476950240174,0.04834183975047559,0.048565496642910044,0.048277937781208605,0.05009914390531773,0.051345232306023975,0.050226947843851705,0.04990743799751677,0.049587928151181834,0.04859744762754354,0.04936427125874738,0.04888500648924498,0.0492684183048469,0.05016304587458472,0.04907671239704594,0.04850159467364306,0.04872525156607751,0.04869330058144402,0.048565496642910044,0.04859744762754354,0.04907671239704594,0.050610359659453624,0.05092986950578856,0.0507381635979876,0.051345232306023975,0.05118547738285651,0.05131328132139048,0.05195230101406035,0.052463516768196244,0.05204815396796083,0.050802065567254584,0.04961987913581533,0.049683781105082314,0.049683781105082314,0.048916957473878475,0.050322800797752185,0.05035475178238568,0.049939388982150265,0.049683781105082314,0.05064231064408712,0.05176059510625939,0.05243156578356275,0.051345232306023975,0.050961820490422055,0.050961820490422055,0.04981158504361629,0.04990743799751677,0.05016304587458472,0.04965183012044882,0.049587928151181834,0.048373790735109085,0.04786257498097319,0.048118182858041134,0.048469643689009564,0.050514506705553144,0.05131328132139048,0.051632791167725414,0.05195230101406035,0.05303863449159913,0.05323034039940009,0.053773507138169474,0.054508379784739824,0.05546690932374463,0.056329585908848956,0.054795938646441264,0.054412526830839344,0.054220820923038385,0.05428472289230537,0.054380575846205856,0.05434862486157236,0.054316673876938865,0.053837409107436465,0.053390095322567555,0.05259132070673022,0.05326229138403358,0.052623271691363716,0.05233571282966227,0.05185644806015987,0.05211205593722782,0.051792546090892885,0.051888399044793365,0.051984251998693845,0.052367663814295765,0.05195230101406035,0.05128133033675699,0.05185644806015987,0.051824497075526374,0.05185644806015987,0.05176059510625939,0.05201620298332734,0.052719124645264195,0.05303863449159913,0.05313448744549961,0.0541569189537714,0.05501959553887572,0.055051546523509215,0.055882272123980045,0.055594713262278606,0.055434958339111134,0.055434958339111134,0.05489179160034175,0.054124967969137905,0.054700085692540784,0.054508379784739824,0.05418886993840489,0.053485948276468034,0.05380545812280297,0.05508349750814271,0.054220820923038385,0.054668134707907295,0.0546361837232738,0.054604232738640304,0.053773507138169474,0.05351789926110153,0.05278302661453118,0.053294242368667075,0.05297473252233214,0.05239961479892926,0.05351789926110153,0.053198389414766595,0.052814977599164675,0.053741556153535985,0.053933262061336945,0.053485948276468034,0.053837409107436465,0.054955693569608735,0.05537105636984415,0.0565851937859169,0.056808850678351355,0.058374448925392536,0.05872590975636096,0.05891761566416192,0.059332978464397335,0.05974834126463275,0.061250037542406946,0.0604832139112031,0.059876145203166725,0.0600039491417007,0.05974834126463275,0.058118841048324585,0.05824664498685856,0.058757860740994455,0.05888566467952843,0.059237125510496855,0.05824664498685856,0.058470301879293016,0.059332978464397335,0.057831282186623145,0.05741591938638773,0.05853420384856,0.05955663535683179,0.058853713694894935,0.05869395877172747,0.06077077277290454,0.06160149837337537,0.061154184588506466,0.06073882178827105,0.06185710625044332,0.06262392988164717,0.06233637101994572,0.0619529592043438,0.06137784148094092,0.06185710625044332,0.060355409972669125,0.06057906686510358,0.062368322004579216,0.06377416532845293,0.0638700182823534,0.06428538108258883,0.06438123403648931,0.06562732243719555,0.06677755788400132,0.06751243053057165,0.06799169530007407,0.06799169530007407,0.06843900908494296,0.0692377837007803,0.06946144059321475,0.06997265634735066,0.07102703884025593,0.0702602152090521,0.07051582308612005,0.0701963132397851,0.07051582308612005,0.07006850930125114,0.06863071499274394,0.06770413643837263,0.06914193074687983,0.06987680339345018,0.06965314650101573,0.06933363665468079,0.06994070536271717,0.06974899945491621,0.07006850930125114,0.07147435262512485,0.07192166640999376,0.07303995087216603,0.07211337231779472,0.07153825459439184,0.07230507822559568,0.07348726465703494,0.07434994124213926,0.07620309835088188,0.0765545591818503,0.0766184611511173,0.0775769906901221,0.07719357887452018,0.07882307909082834,0.07949404976813171,0.07978160862983315,0.08089989309200542,0.08064428521493747,0.07997331453763411,0.08006916749153459,0.07955795173739869,0.07872722613692786,0.07796040250572402,0.0766184611511173,0.07665041213575079,0.0770338239513527,0.07623504933551538,0.07620309835088188,0.07642675524331634,0.0780562554596245,0.07974965764519965,0.08131525589224083,0.08227378543124564,0.08428669746315572,0.08479791321729162,0.08550083487922848,0.08760959986503904,0.08875983531184481,0.09147566900569175,0.09205078672909463,0.09192298279056066,0.09205078672909463,0.09265785543713101,0.09198688475982765,0.09377613989930328,0.09460686549977411,0.09425540466880568,0.09422345368417219,0.09323297316053389,0.09371223793003629,0.09396784580710424,0.09518198322317699,0.09642807162388323,0.09892024842529572,0.09939951319479813,0.09840903267115983,0.09911195433309668,0.09965512107186607,0.1009651114418393,0.10061365061087088,0.10112486636500677,0.10169998408840965,0.10163608211914267,0.10080535651867184,0.10032609174916944,0.10323363135081734,0.10269046461204795,0.10416020990518865,0.10409630793592166,0.1058536120907638,0.10793042609194088,0.1078345731380404,0.10920846547728061,0.10987943615458398,0.11048650486262035,0.11051845584725384,0.112211858032829,0.11422477006473908,0.11428867203400607,0.11348989741816874,0.11253136787916393,0.11291477969476585,0.1141608680954721,0.11409696612620511,0.11479988778814197,0.11543890748081184,0.11470403483424149,0.11448037794180703,0.11595012323494773,0.11655719194298411,0.11773937837442336,0.11892156480586262,0.11933692760609804,0.12032740812973633,0.12093447683777271,0.12227641819237943,0.1229154378850493,0.12202081031531149,0.12173325145361004,0.12256397705408087,0.12182910440751053,0.12083862388387223,0.12010375123730188,0.11988009434486742,0.12007180025266839,0.11866595692879467,0.11940082957536502,0.12019960419120236,0.12003984926803489,0.11978424139096694,0.12119008471484066,0.12131788865337463,0.12138179062264162,0.1219569083460445,0.12189300637677751,0.12234032016164642,0.1234266536391852,0.12355445757771917,0.12368226151625315,0.12368226151625315,0.12281958493114882,0.12518395779402733,