# R script for Peak Model
#  -- generated by MACS
p <- c(0.0379931792482,0.0449703395601,0.0511850949373,0.0572034732859,0.0631871968646,0.0636377088715,0.0630139230158,0.0628984071166,0.0624594466996,0.0624478951097,0.0618472124339,0.060668950262,0.060668950262,0.061385148837,0.0611425654487,0.0607382598015,0.0607151566217,0.0608422241108,0.0612118749882,0.0614198036068,0.061974279923,0.0621475537718,0.0618587640238,0.0615815258657,0.061673938585,0.0622053117214,0.0623092760307,0.0620897958222,0.061396700427,0.0609115336503,0.0606920534418,0.0605534343628,0.0609923947797,0.060807569341,0.0612580813479,0.0607844661612,0.0605880891325,0.060807569341,0.061246529758,0.0616970417649,0.0618010060742,0.0622399664911,0.0618818672036,0.0618587640238,0.0615584226858,0.0621475537718,0.0623554823904,0.0622053117214,0.0623670339803,0.0624709982896,0.0626211689585,0.0621822085415,0.06241324034,0.0623785855702,0.0626096173686,0.0616970417649,0.0615468710959,0.0623092760307,0.0622284149012,0.0626673753182,0.0620320378726,0.0625403078291,0.0623670339803,0.0624594466996,0.062702030088,0.0631525420949,0.0634066770731,0.0629561650662,0.0630139230158,0.0619858315129,0.0626789269081,0.0626789269081,0.0626558237283,0.0627713396275,0.0628059943972,0.0631525420949,0.0628753039368,0.0630716809654,0.0628522007569,0.0629099587065,0.062551859419,0.0629677166561,0.062840649167,0.0623785855702,0.0622746212609,0.0626211689585,0.0625980657787,0.0626096173686,0.0626789269081,0.0633489191235,0.0639496017994,0.0631063357352,0.0629215102965,0.0629677166561,0.0624478951097,0.0620666926423,0.0617894544843,0.0614198036068,0.061824109254,0.0614313551967,0.0611079106789,0.0613504940673,0.0621937601315,0.0619396251532,0.0622515180811,0.0622053117214,0.0624247919299,0.0625980657787,0.0621706569516,0.0619280735633,0.0617894544843,0.0617663513044,0.0611772202185,0.0617779028943,0.0619280735633,0.0618125576641,0.0619973831028,0.0623323792105,0.0623670339803,0.0624941014694,0.0626327205484,0.0627251332678,0.0627828912174,0.0628984071166,0.0627251332678,0.063129438915,0.0629446134763,0.062702030088,0.0628522007569,0.0632218516344,0.0633373675336,0.0634759866126,0.0638109827203,0.0633951254832,0.0632565064041,0.0626673753182,0.0631987484545,0.0631409905049,0.0630601293755,0.0628059943972,0.0627828912174,0.0627713396275,0.0625634110089,0.0625980657787,0.0628637523468,0.0629792682461,0.0628175459872,0.0625403078291,0.0621822085415,0.0619973831028,0.0613389424774,0.0612349781681,0.0611425654487,0.061096359089,0.0609346368301,0.0606920534418,0.0605996407225,0.0608999820604,0.0614429067866,0.0617547997145,0.0619627283331,0.0619396251532,0.0619049703835,0.061685490175,0.0616970417649,0.0615815258657,0.061824109254,0.0619049703835,0.0618356608439,0.0619396251532,0.0621475537718,0.0623439308004,0.0623323792105,0.0625865141888,0.0626673753182,0.0633258159437,0.0624941014694,0.0623785855702,0.0620897958222,0.0623554823904,0.0623208276206,0.062263069671,0.0625172046492,0.0623785855702,0.0623670339803,0.0622399664911,0.0630023714259,0.062990819836,0.0630485777856,0.0632218516344,0.0632911611739,0.0630716809654,0.0630947841453,0.0637301215909,0.0642730463171,0.0635106413824,0.0635568477421,0.0635915025118,0.0637878795405,0.0629792682461,0.0631063357352,0.0631409905049,0.0629099587065,0.0624709982896,0.0622168633113,0.0630139230158,0.0630139230158,0.0635221929723,0.0633720223033,0.0633258159437,0.0625980657787,0.0626211689585,0.0631063357352,0.0636377088715,0.0638802922598,0.0637647763606,0.0634875382026,0.0631525420949,0.0634066770731,0.0635337445622,0.0646311456047,0.0649199353527,0.0652780346402,0.0649892448922,0.0648159710434,0.0656938918773,0.0658671657262,0.0663869872726,0.0670685310779,0.0672418049267,0.0671609437972,0.0673919755956,0.0671493922073,0.0679580035017,0.0678424876025,0.0673688724158,0.0673226660561,0.0670107731283,0.0667681897399,0.0669414635888,0.0672187017468,0.0671609437972,0.0675536978545,0.0677154201134,0.0678771423723,0.0674381819553,0.0677385232933,0.0674497335453,0.0677847296529,0.0677962812429,0.0676114558041,0.0677500748832,0.0677385232933,0.0675652494445,0.0677269717033,0.0685933409474,0.0686742020768,0.0690091981845,0.0694481586015,0.0701874603564,0.0700603928673,0.0700834960471,0.0698293610689,0.0698178094789,0.0699333253781,0.0691131624938,0.0691824720333,0.0697484999394,0.0684431702784,0.0679349003219,0.0684547218683,0.0683161027893,0.0688474759256,0.068939888645,0.0686626504869,0.068789717976,0.0688243727458,0.06821213848,0.0687088568466,0.0690900593139,0.0688821306954,0.0687435116163,0.0688821306954,0.0689629918248,0.0697600515293,0.0701528055866,0.0699333253781,0.0703260794354,0.0707534882625,0.0712040002694,0.0713079645787,0.0714696868376,0.0710076232407,0.0712502066291,0.0714234804779,0.0723245044917,0.0727634649086,0.0732024253256,0.073722246872,0.0742305168285,0.0748543026842,0.0757091203383,0.0770491047691,0.077638235855,0.0784121923797,0.0792670100338,0.0808611294428,0.0820624947946,0.0827902449596,0.0834717887649,0.0843612611887,0.08562038449,0.0865214085038,0.0870527816402,0.0877805318052,0.0878267381648,0.0875263968269,0.0875495000068,0.0878613929346,0.0879422540641,0.0884158692508,0.0890858614662,0.0887624169484,0.0892013773654,0.0881732858625,0.0886469010492,0.0893284448545,0.0894555123436,0.0897327505017,0.0894093059839,0.0894670639335,0.0892706869049,0.0893630996243,0.0890165519266,0.0902294688683,0.0897558536816,0.0898598179908,0.0902063656885,0.090414294307,0.0910265285728,0.0912229056014,0.0913037667309,0.0915925564789,0.0921008264354,0.0920430684858,0.0929094377298,0.0926784059314,0.092597544802,0.0931520211182,0.0938913228731,0.0935678783553,0.0932906401972,0.0938335649235,0.0938566681033,0.0945035571388,0.0947923468869,0.0954276843325,0.0955432002317,0.0947923468869,0.0942494221606,0.095058033455,0.095346823203,0.0947576921171,0.0950464818651,0.0945728666784,0.0936718426646,0.0929440924996,0.093036505219,0.0933483981468,0.0938451165134,0.0935678783553,0.0936718426646,0.0938913228731,0.0936718426646,0.0944111444195,0.0953237200232,0.0960976765479,0.0962131924471,0.0967676687632,0.0971373196407,0.0981192047839,0.0986621295102,0.0987660938195,0.0997364273728,0.0996324630635,0.0993667764953,0.0999790107611,0.100383316408,0.10008297507,0.0999443559914,0.0991703994667,0.0995284987542,0.0998865980418,0.0994822923945,0.0999559075813,0.100475729128,0.0997826337325,0.100360213228,0.101122618163,0.10157313017,0.102312431925,0.102416396234,0.102693634392,0.103271213888,0.103340523428,0.103825690205,0.10455344037,0.104333960161,0.104923091247,0.105015503966,0.104923091247,0.105258087355,0.10597428593,0.106205317728,0.106228420908,0.106574968606,0.106528762246,0.106713587685,0.106424797937,0.106089801829,0.106621174965,0.106343936807,0.10592807957,0.105812563671,0.106286178858,0.106759794044,0.107603060109,0.108688909561,0.108180639605,0.108665806381,0.109058560439,0.109185627928,0.11025992579,0.110675783027,0.110525612358,0.110583370308,0.110514060769,0.110132858301,0.111056985495,0.11180783884,0.111842493609,0.112893688292,0.112720414443,0.112997652601,0.113840918666,0.114545565651,0.115261764226,0.115365728535,0.115920204851,0.116012617571,0.116428474808,0.11615123665,0.116324510498,0.116463129578,0.116890538405,0.116220546189,0.115770034182,0.115712276233,0.115273315816,0.115700724643,0.116359165268,0.11753742744,0.117213982922,0.118091903756,0.118681034842,0.11906223731,0.119997916093,0.120702563078,0.121742206171,0.122862710393,0.122966674703,0.122839607214,0.123521151019,0.123544254199,0.122908916753,0.122862710393,0.122758746084,0.123578908969,0.123833043947,0.123255464451,0.122932019933,0.122735642904,0.123937008256,0.124248901184,0.124387520263,0.125069064068,0.125230786327,0.125300095867,0.125611988794,0.125981639672,0.126963524815,0.127818342469,0.128349715606,0.128511437865,0.129308497569,0.130221073173,0.130740894719,0.131006581287,0.131168303546,0.131341577395,0.13061382723,0.131179855136,0.130879513798,0.131618815553,0.13201156961,0.132184843459,