# R script for Peak Model
#  -- generated by MACS
p <- c(0.0311289500014,0.0363145129581,0.0416246540038,0.0468102169605,0.0513573172109,0.0515753288667,0.051731051478,0.0516999069557,0.051014727466,0.0507032822433,0.0509212938992,0.0506098486766,0.0500959640592,0.0498156633589,0.0502361144094,0.0506409931988,0.0502984034539,0.0506565654599,0.0510302997271,0.0505631318932,0.0507499990267,0.0508122880713,0.051139305555,0.0512171668607,0.0509680106826,0.0506877099822,0.0505631318932,0.0503451202373,0.0500959640592,0.0500803917981,0.0497845188366,0.0502361144094,0.0504074092818,0.0505319873709,0.050547559632,0.0504074092818,0.0505631318932,0.0499402414479,0.050189397626,0.0503762647596,0.0506877099822,0.0508434325935,0.0502049698871,0.0501738253649,0.0509212938992,0.0509680106826,0.0507032822433,0.0508745771158,0.0504074092818,0.0500959640592,0.0498000910977,0.049114911608,0.0498156633589,0.0503139757151,0.0496599407475,0.049473073614,0.04900590578,0.0490993393468,0.0496443684864,0.0503451202373,0.0502361144094,0.050547559632,0.0504074092818,0.0501115363204,0.0502205421483,0.0502516866705,0.0503762647596,0.0506565654599,0.050064819537,0.0496910852698,0.0500181027536,0.0498156633589,0.04983123562,0.0494107845694,0.0495665071808,0.0501115363204,0.0509680106826,0.0504696983264,0.0506409931988,0.0506254209377,0.0505319873709,0.0506565654599,0.0506098486766,0.0507188545045,0.0504074092818,0.0503451202373,0.0501426808426,0.0502049698871,0.0509835829437,0.0513884617331,0.0511237332939,0.0513261726886,0.0514818952999,0.0514196062554,0.0514040339942,0.0515286120833,0.0511081610328,0.0513417449497,0.0512327391218,0.0507655712879,0.0509991552048,0.0506877099822,0.0503606924985,0.0503139757151,0.0501115363204,0.0499246691868,0.0506409931988,0.0506877099822,0.0503451202373,0.050781143549,0.0512638836441,0.0517154792169,0.0517154792169,0.0518556295671,0.0525408090568,0.0528989710628,0.052680959407,0.0526965316681,0.0528366820183,0.0526498148847,0.0523539419233,0.0517933405225,0.0520269244395,0.0519334908727,0.0516843346946,0.0504541260652,0.0502516866705,0.0505008428486,0.04983123562,0.0498623801423,0.0496132239642,0.0503295479762,0.0505164151098,0.0506565654599,0.0510770165105,0.0514507507776,0.0518556295671,0.0519802076561,0.0530079768908,0.0530858381964,0.0526965316681,0.0523072251399,0.0517466237391,0.052089213484,0.0525719535791,0.0529924046296,0.0531169827187,0.0533661388968,0.05327270533,0.0531014104576,0.0542381855201,0.0544406249148,0.0556241167608,0.0557175503276,0.054938937271,0.0550790876212,0.0550012263156,0.0544406249148,0.0543316190869,0.0546274920484,0.0538333067307,0.0541758964756,0.0531014104576,0.0535374337692,0.053506289247,0.0536931563805,0.0540046016032,0.0543471913481,0.0541291796922,0.0543471913481,0.0547520701375,0.0549700817933,0.0553593883216,0.0551880934491,0.0556085444997,0.0559199897223,0.0558265561555,0.0559822787668,0.0558888452,0.0559199897223,0.0563092962506,0.0561691459004,0.0557175503276,0.0559199897223,0.0564650188619,0.0562158626838,0.0561691459004,0.0564338743396,0.0569321866958,0.056589596951,0.0566207414732,0.0566830305177,0.0576329384467,0.0571657706128,0.0567453195623,0.0565273079064,0.0566674582566,0.0557954116333,0.0560601400725,0.0556708335442,0.0557019780665,0.055406105105,0.0554995386718,0.0557486948499,0.0558732729389,0.0556864058053,0.0558421284167,0.0565273079064,0.0565740246898,0.0576796552301,0.0576485107079,0.0581468230641,0.0581623953252,0.0583181179365,0.0586295631591,0.0598286272663,0.059205736821,0.0595327543048,0.0597351936995,0.059439320738,0.0594704652602,0.0592991703878,0.0591745922987,0.059797482744,0.0591123032542,0.0591278755153,0.0597040491772,0.0596884769161,0.0600622111832,0.0599843498776,0.0604203731892,0.0608252519787,0.0612612752903,0.0615104314684,0.0627094955755,0.0628029291423,0.0631610911483,0.0635659699377,0.06359711446,0.0636594035045,0.0639708487272,0.0641109990773,0.0648273230894,0.0640798545551,0.0635036808932,0.0636905480268,0.0638618428992,0.0642822939498,0.0641577158607,0.0645314501279,0.0642511494275,0.0640331377717,0.0635503976766,0.0641265713385,0.0646093114335,0.0644691610834,0.0643601552554,0.0646404559558,0.0649207566562,0.0656215084071,0.065730514235,0.0666959944251,0.0666337053806,0.0665869885972,0.0664779827693,0.0668828615587,0.0671164454757,0.0665714163361,0.0665091272916,0.0665402718138,0.0667582834697,0.0662443988523,0.0663378324191,0.0668517170364,0.0678327694877,0.0679417753156,0.0683777986273,0.0689228277669,0.0692654175118,0.0690162613337,0.0692342729895,0.0693432788174,0.0693744233397,0.068938400028,0.068813821939,0.0692654175118,0.0693899956008,0.0697793021291,0.0703243312687,0.0710095107585,0.0711496611087,0.0711652333698,0.0716012566815,0.0726445981773,0.0733920667116,0.0732519163614,0.0739682403734,0.0743731191628,0.0753230270918,0.0758836284926,0.0767401028548,0.0784063347958,0.0795742543807,0.0801971448259,0.0806954571821,0.081863376767,0.0820502439005,0.082346116862,0.0823616891232,0.0825641285179,0.0830935853963,0.0835607532303,0.0842615049812,0.0841057823699,0.0839656320197,0.0839344874974,0.0846508115095,0.0853204187381,0.0856007194385,0.0865039105841,0.087329240424,0.0872980959018,0.0870022229403,0.0880611366972,0.0896183628103,0.0903969758669,0.0914091728404,0.0918140516298,0.0923279362472,0.0921722136359,0.0922033581581,0.0927951040811,0.0933868500041,0.0930442602592,0.092545947903,0.0927328150366,0.0923902252917,0.0923590807694,0.0928418208645,0.0929975434758,0.0934802835709,0.093729439749,0.0939318791437,0.0950686542063,0.0952088045564,0.0956915446515,0.0965013022303,0.0969528978031,0.097295487548,0.0984634071329,0.0983699735661,0.0985724129608,0.0991797311449,0.0992108756672,0.100612379169,0.100845963086,0.100285361685,0.101297558659,0.101795871015,0.102574484072,0.103259663561,0.103773548179,0.103726831395,0.103571108784,0.103181802256,0.104053848879,0.105128334897,0.105361918814,0.105190623942,0.105533213686,0.106031526043,0.106467549354,0.107573179895,0.108694382696,0.109052544702,0.108912394352,0.10944185123,0.109784440975,0.110967932821,0.110578626293,0.110890071516,0.111419528394,0.112291575017,0.113039043552,0.113521783647,0.114222535398,0.114689703232,0.115203587849,0.115032292977,0.116293646128,0.117259126318,0.11755499928,0.11755499928,0.117897589025,0.118567196253,0.119236803482,0.119719543577,0.120903035423,0.12224224988,0.12264712867,0.123799475993,0.124842817489,0.125621430546,0.126571338475,0.127240945703,0.127303234748,0.128003986499,0.127770402582,0.127863836149,0.128533443377,0.128268714938,0.128969466689,0.129685790701,0.129187478345,0.129997235924,0.131009432897,0.131507745253,0.132628948055,0.133687861812,0.134404185824,0.135120509836,0.135525388625,0.135104937575,0.136817886299,0.137176048305,0.138188245279,0.138048094929,0.138281678845,0.139278303558,0.139418453908,0.140524084448,0.141162547155,0.143918837375,0.144043415464,0.145024467915,0.145133473743,0.146721844379,0.147375879346,0.146550549506,0.147609463263,0.147687324569,0.148543798931,0.147375879346,0.14812334788,0.14852822667,0.148901960937,0.149960874694,0.151315661412,0.152981893353,0.153869512238,0.154461258161,0.155068576345,0.156189779146,0.157108542553,0.158042878221,0.159070647456,0.158930497106,0.158696913189,0.159631248856,0.160332000607,0.162325250032,0.162792417866,0.164178349107,0.165797864264,0.167432951683,0.168024697606,0.169114755885,0.170640837476,0.170640837476,0.171762040278,0.172275924895,0.173381555435,0.174596191804,0.174300318842,0.174253602059,0.175063359637,0.176215706961,0.176605013489,0.17936130371,0.179392448232,0.179423592754,0.180295639378,0.180513651033,0.18211759393,0.182366750108,0.183534669693,0.185263190678,0.186960567142,0.186913850358,0.187443307237,0.188377642905,0.190028302585,0.190433181374,0.191056071819,0.191787968092,0.192457575321,0.191850257137,0.191585528698,0.192208419143,0.193936940129,0.195618744331,0.195634316592,0.196739947132,0.197144825922,0.198452895857,0.199574098658,0.20083545181,0.202501683751,0.202890990279,