# R script for Peak Model
#  -- generated by MACS
p <- c(0.0187359147334,0.0218412628176,0.0248758202921,0.028118030222,0.0311997814364,0.031360240152,0.0313979951439,0.031360240152,0.0311997814364,0.0312847301681,0.0313036076641,0.0313791176479,0.0313932757699,0.0314829438756,0.0315820507294,0.0316103669733,0.0317708256889,0.0319548812745,0.0322852374537,0.0325731192669,0.0325070480311,0.0327949298444,0.0329884241779,0.03295538856,0.0329742660559,0.0330025822999,0.0327335779825,0.0326816648687,0.0323985024294,0.0321059012421,0.0322144468438,0.03213893686,0.0323324311935,0.0324409767953,0.0322474824617,0.0322757987057,0.0324692930392,0.0323418699415,0.0324598542912,0.0327288586085,0.0329129141941,0.0327241392346,0.032540083649,0.0324692930392,0.0327854910964,0.0329176335681,0.0330780922837,0.0332479897473,0.0332243928773,0.0331441635195,0.0330969697796,0.0332385509993,0.0331205666496,0.0330025822999,0.0328704398282,0.0328468429583,0.0326958229906,0.0326816648687,0.0327902104704,0.0327335779825,0.0327666136005,0.0327713329744,0.0329931435519,0.0331960766334,0.0334037290889,0.0334603615767,0.033351815975,0.0333706934709,0.0336019427964,0.0336774527802,0.0334792390727,0.0333046222351,0.0334886778207,0.0332810253652,0.0330120210478,0.0328562817062,0.032936511064,0.032964827308,0.0331111279016,0.0331158472756,0.0332668672432,0.0333706934709,0.0332999028611,0.0334414840808,0.0336680140322,0.0336444171623,0.033734085268,0.0340502833253,0.0338709471137,0.0337246465201,0.0338426308698,0.0338237533738,0.0338379114958,0.0339653345935,0.0340172477073,0.0340691608212,0.0341777064229,0.0339134214796,0.0337246465201,0.0338237533738,0.0336302590403,0.0339181408536,0.0338331921218,0.0336963302761,0.0338426308698,0.0339087021056,0.033738804642,0.0338190339998,0.0340361252033,0.0342768132767,0.0345175013501,0.0345977307079,0.0345835725859,0.0346779600657,0.0346779600657,0.0347676281715,0.0350507906108,0.0350319131148,0.0350224743668,0.034946964383,0.0348808931472,0.0346118888299,0.0346543631958,0.0348714543992,0.034946964383,0.0352159687004,0.0352395655703,0.0354802536437,0.035343391798,0.035371708042,0.0355557636275,0.0359333135466,0.0360088235304,0.0359333135466,0.0358342066928,0.0356690286032,0.0358530841888,0.0357964517009,0.0361975984899,0.036159843498,0.0362872665957,0.036159843498,0.0362542309778,0.0363627765795,0.0362825472217,0.0362070372379,0.0361975984899,0.0361409660021,0.0359144360506,0.0360229816523,0.0360984916362,0.0363250215876,0.0363438990835,0.0365232352951,0.036565709661,0.036546832165,0.0365137965471,0.036584587157,0.0367403264986,0.0368913464662,0.0366836940107,0.0366034646529,0.036551551539,0.0363910928234,0.0366978521327,0.036957417702,0.0372688963852,0.0372924932552,0.0376275688084,0.0375143038326,0.0377125175401,0.0378682568818,0.0382316486789,0.0383685105245,0.0383071586627,0.0386044792239,0.038590321102,0.0387083054517,0.0386233567199,0.0388310091754,0.038963151647,0.0389961872649,0.0391660847285,0.0393218240701,0.039364298436,0.0392746303303,0.0389442741511,0.0391377684846,0.039397334054,0.0395719508915,0.0397418483551,0.0396616189973,0.0394586859158,0.0395861090135,0.0399919751765,0.04016187264,0.0402987344857,0.0402515407458,0.0403553669736,0.0405583000551,0.040563019429,0.0409264112261,0.0411340636816,0.0413605936331,0.0414832973568,0.041780617918,0.0421345709671,0.0426584214798,0.0428424770654,0.043007655155,0.0428896708053,0.0429321451712,0.0431728332446,0.0430831651388,0.043002935781,0.042993497033,0.0432483432284,0.0431397976266,0.0431350782526,0.0430312520249,0.0435126281717,0.0435220669197,0.043781632489,0.0436825256353,0.0441072692942,0.0442960442538,0.044598084189,0.0444659417173,0.0446688747988,0.0446971910428,0.0451266540757,0.045390939019,0.045405097141,0.0460091770115,0.0458581570439,0.0460469320034,0.0461649163531,0.0465849406381,0.0466698893699,0.0472975661103,0.0471135105247,0.0473777954681,0.047410831086,0.0476184835415,0.0477883810051,0.0477600647611,0.047797819753,0.0481045790623,0.0480196303305,0.0479913140866,0.04823200216,0.0484113383715,0.0487133783068,0.0488502401524,0.0492985806813,0.049421284405,0.0496147787385,0.0496808499744,0.0502849298449,0.0506058472761,0.0507899028616,0.0510069940651,0.051422298976,0.0515119670818,0.051842323261,0.0522717862939,0.0525974230991,0.0527767593107,0.053045763628,0.0530929573679,0.0534941041569,0.0538055828401,0.0539471640597,0.0544238208326,0.0546220345401,0.0548155288736,0.0549901457111,0.0556650161915,0.0559245817608,0.0563776416637,0.0567599109567,0.0570194765261,0.0573687102012,0.0574819751769,0.0577179438764,0.0581426875353,0.0584400080966,0.0587231705359,0.0587373286578,0.0592942147884,0.0594452347561,0.0597189584474,0.0601437021063,0.0605259713994,0.061068699408,0.0613471424733,0.0619748192138,0.0623382110109,0.0630083621172,0.0632632083126,0.0637681813293,0.0643911386957,0.0649385860784,0.0656276146807,0.0663308014049,0.0671897274708,0.0676097517557,0.068317657854,0.069119951432,0.0696154857007,0.0703800242868,0.071106807881,0.071130404751,0.071918540207,0.072338564492,0.0725509363214,0.0732163680538,0.0736458310867,0.0739006772821,0.0746888127381,0.0750993982751,0.0753070507306,0.0760196762028,0.076326435512,0.0770437803583,0.0778885483022,0.0783888019449,0.0787993874819,0.0795167323281,0.0799178791171,0.080776805183,0.0816593281188,0.0827259066401,0.0831270534291,0.0832450377788,0.0842691419343,0.084792992447,0.0853074042117,0.0859162034562,0.0863503858631,0.0867468132781,0.0869969400995,0.087209311929,0.0882003804665,0.0885637722636,0.0889177253127,0.0896869832728,0.0906166999485,0.0915605747461,0.0925799595276,0.0933350593657,0.0941751079356,0.0951520183512,0.0956805882379,0.0968887479789,0.0976816028089,0.0982715245574,0.0990832568834,0.0997486886158,0.1006406503,0.101773300057,0.1028540367,0.103712962766,0.104425588238,0.104822015653,0.105591273613,0.106303899085,0.10695989207,0.107507339452,0.10779994064,0.108139735567,0.108729657315,0.109536670267,0.110504141935,0.111872760392,0.112575947116,0.113642525637,0.114482574207,0.11584647329,0.116577976258,0.117328356722,0.118069298438,0.118772485162,0.119588936862,0.120249649221,0.120754622237,0.121821200759,0.123104870484,0.123638159744,0.124775528875,0.12601200486,0.127262638967,0.128296181871,0.129409954132,0.130670026987,0.132279333517,0.132954203997,0.133378947656,0.134407771185,0.135795267138,0.136309678903,0.13722995683,0.138036969782,0.138947808962,0.140127652459,0.140901629793,0.142251370754,0.143653024828,0.144950852675,0.146201486782,0.147593702109,0.148782984354,0.150170480306,0.151661802487,0.152761416626,0.153922382627,0.155371230441,0.156626583922,0.157966886135,0.159193923372,0.161119427959,0.163016616302,0.16461176471,0.165871837565,0.167150787916,0.168382544527,0.168944150032,0.170260855374,0.171535086351,0.172450644905,0.173191586621,0.173998599573,0.175390814899,0.177056753917,0.178043103081,0.179992204538,0.181988499735,0.183649719379,0.184867317868,0.186816419325,0.188430445229,0.190025593637,0.191535793313,0.19222954129,0.194801600113,0.196689349708,0.198171233141,0.199856049655,0.201998645445,0.203659865089,0.205670318408,0.20741176741,0.209209848899,0.211970682682,0.213834835408,0.215425264442,0.217341330281,0.218889284949,0.220201270918,0.222216443611,0.223703046417,0.225331230443,0.227105715063,0.228294997308,0.229814635732,0.231419222888,0.233297533735,0.235440129526,0.237356195365,0.239800831091,0.241528121971,0.24349138155,0.24502989747,0.247016753919,0.249046084734,0.251174522403,0.253548367519,0.255723998928,0.25802233406,0.25967883433,0.261958291966,0.264124484627,0.266007514848,0.268362482468,0.269783014039,0.27145367243,0.272949713985,0.274875218572,0.276814881281,0.278202377234,0.280236427423,0.282062825156,0.2843045278,0.285748656241,0.288311276316,0.290430275237,0.29249264167,0.294366233143,0.29645691582,0.297561249333,0.298840199684,0.300968637353,0.302568505135,0.304814927153,0.305933418789,0.307929713986,0.309199225588,0.31024220724,0.311138888298,0.313267325966,