# R script for Peak Model
#  -- generated by MACS
p <- c(0.0407792217352,0.0475512224565,0.054304821002,0.0610952238993,0.0678304202689,0.0673151593444,0.0675911919825,0.0680328442035,0.0688057355902,0.0688793442937,0.0683088768416,0.0685297029521,0.0681800616105,0.0679776376759,0.0684192898968,0.0687689312384,0.0679960398518,0.0680328442035,0.0670391267063,0.0671127354098,0.0670759310581,0.0668551049476,0.0667814962441,0.0666894853647,0.0660270070333,0.0664686592543,0.0665606701336,0.0660086048574,0.0671495397616,0.0670575288822,0.0672599528168,0.0674071702238,0.0676095941584,0.0671679419375,0.0679960398518,0.0675359854549,0.0677200072137,0.0680880507311,0.0671863441133,0.0670759310581,0.0670759310581,0.0668367027717,0.0670759310581,0.0683272790175,0.0676463985102,0.0674991811032,0.0675911919825,0.0673519636962,0.0677936159171,0.0684744964245,0.0679776376759,0.0679776376759,0.067517583279,0.0669103114752,0.0664686592543,0.0666158766613,0.0657141700435,0.0654197352295,0.0647572568981,0.0648308656015,0.065346126526,0.0651437025914,0.0659718005057,0.0665974744854,0.0668183005959,0.0671495397616,0.0679040289724,0.0691001704041,0.0695786269769,0.0687321268867,0.0683456811933,0.067812018093,0.0670759310581,0.0659902026816,0.0658245830987,0.0652725178225,0.0652909199984,0.0647020503704,0.0648124634257,0.0650884960638,0.0649780830085,0.0654381374054,0.0653093221743,0.066211028792,0.0666158766613,0.0667078875406,0.0668735071235,0.0662294309679,0.0654749417571,0.0654381374054,0.0659349961539,0.0667814962441,0.0676832028619,0.0673519636962,0.0673887680479,0.0676832028619,0.0680696485552,0.0683824855451,0.0692473878111,0.0694866160975,0.0691921812835,0.0686953225349,0.0676463985102,0.0679224311483,0.0670023223546,0.0670575288822,0.0664134527267,0.0663214418473,0.06564056134,0.0651068982396,0.0649596808327,0.0650332895362,0.0662294309679,0.0661742244403,0.066652681013,0.0663214418473,0.0669839201787,0.0670391267063,0.0669839201787,0.067517583279,0.0677200072137,0.0671863441133,0.0668367027717,0.066505463606,0.0671495397616,0.0670759310581,0.0661742244403,0.0663398440232,0.0667814962441,0.0663766483749,0.0663030396714,0.0667446918924,0.0661926266162,0.0664686592543,0.0659349961539,0.0665238657819,0.0673519636962,0.0671311375857,0.0672231484651,0.0675543876308,0.0672783549927,0.0667814962441,0.0674071702238,0.0668367027717,0.0675359854549,0.0670759310581,0.0666342788371,0.0671127354098,0.0667814962441,0.0665974744854,0.0671127354098,0.0678856267965,0.0675727898067,0.0678672246206,0.0676463985102,0.0677568115654,0.0683824855451,0.0682904746657,0.068400887721,0.0681800616105,0.067517583279,0.0674991811032,0.0671127354098,0.0672047462892,0.0663950505508,0.0667446918924,0.066211028792,0.0665238657819,0.0666158766613,0.0668367027717,0.0674255723997,0.0679040289724,0.0686033116556,0.0683456811933,0.0687689312384,0.0686217138314,0.0685849094797,0.0679960398518,0.0683272790175,0.0689529529972,0.0687505290626,0.068548105128,0.0681432572587,0.0686401160073,0.0687137247108,0.0684192898968,0.0676463985102,0.0676279963343,0.0672047462892,0.0671863441133,0.0675359854549,0.0672783549927,0.0671311375857,0.0672231484651,0.0670023223546,0.066947115827,0.0679040289724,0.0677752137413,0.0684928986003,0.0687321268867,0.0680328442035,0.0680144420276,0.0683088768416,0.0672231484651,0.0669287136511,0.0671127354098,0.0667262897165,0.0672415506409,0.0664870614301,0.066211028792,0.0665974744854,0.0669103114752,0.0666710831889,0.067517583279,0.0686769203591,0.0687873334143,0.0689897573489,0.0690081595248,0.0691553769318,0.0694498117457,0.0701674966048,0.0699282683184,0.0700018770219,0.0699650726702,0.0700938879013,0.0702411053083,0.070425127067,0.070425127067,0.070719561881,0.0700754857254,0.0695970291527,0.0693209965146,0.0691737791076,0.0690449638765,0.0683824855451,0.0681984637864,0.067812018093,0.0672599528168,0.067517583279,0.0679960398518,0.0681616594346,0.0684744964245,0.0680328442035,0.0686401160073,0.0686033116556,0.0686217138314,0.0693393986905,0.0700570835496,0.0695786269769,0.0697258443838,0.0693209965146,0.0694498117457,0.0699834748461,0.0696522356803,0.0702595074842,0.0701490944289,0.0697258443838,0.0700938879013,0.0701858987807,0.0701122900772,0.0703883227153,0.0697626487356,0.0704803335946,0.0700570835496,0.0705355401223,0.0708115727604,0.0709219858156,0.0701122900772,0.0700570835496,0.0700938879013,0.0698362574391,0.0708851814639,0.0700938879013,0.0706275510016,0.0699098661426,0.0703883227153,0.0701490944289,0.0709771923432,0.0718236924334,0.0723389533578,0.0735903013172,0.073038236041,0.0744736057591,0.0745656166385,0.0746208231661,0.074197573121,0.0744552035833,0.0737375187242,0.0727438012271,0.0717684859058,0.0709403879915,0.0716212684988,0.0712716271572,0.0714924532677,0.071878898961,0.0726885946994,0.0732222577998,0.0742895840004,0.0761113994119,0.0777675952405,0.0785404866271,0.0792949758379,0.0800494650487,0.081613649998,0.0833986610577,0.0844291829066,0.0856989330418,0.0864902266044,0.0872631179911,0.087999205026,0.0886432811816,0.0893609660406,0.0905755096483,0.091053966221,0.0911091727486,0.0912747923314,0.0922685098286,0.0928021729289,0.0929861946877,0.0929677925118,0.0932990316775,0.0933174338534,0.0933910425569,0.0941271295918,0.0943295535264,0.0945871839886,0.0936854773708,0.093667075195,0.0928205751048,0.0929677925118,0.0937222817226,0.0934094447327,0.0927285642254,0.0921949011251,0.0924525315873,0.0935382599639,0.0938326947778,0.0948080100991,0.0948632166267,0.0946423905163,0.093667075195,0.0939431078331,0.0942743469988,0.0946055861645,0.0944399665816,0.09293098816,0.093814292602,0.0927837707531,0.0936486730191,0.0939431078331,0.0946607926921,0.094679194868,0.0947159992197,0.0944399665816,0.0944215644058,0.095120847089,0.0947528035715,0.095120847089,0.095838531948,0.0961697711137,0.0962065754655,0.096850651621,0.0968690537969,0.096427401576,0.0963353906966,0.095691314541,0.094973629682,0.0947344013956,0.0937958904261,0.0940167165366,0.0942743469988,0.0934094447327,0.0937222817226,0.0943479557023,0.0948448144509,0.0949368253302,0.096427401576,0.0970530755557,0.097292303842,0.0971818907868,0.0963169885207,0.0974579234249,0.0982676191633,0.0978995756458,0.097439521249,0.0976787495353,0.0967034342141,0.0965562168071,0.0971082820833,0.0966298255106,0.0968874559728,0.0962065754655,0.0955993036617,0.096132966762,0.0972002929626,0.0976971517112,0.0974579234249,0.0973291081938,0.0965010102795,0.0966298255106,0.0971266842591,0.0972002929626,0.096850651621,0.0959489450033,0.0957097167169,0.0954520862547,0.0957649232445,0.0955809014858,0.0962433798172,0.096280184169,0.0956729123652,0.0955072927823,0.0954888906064,0.0960409558826,0.0952312601442,0.0955809014858,0.0959489450033,0.0967034342141,0.0961145645861,0.0964826081036,0.0973843147214,0.0983228256909,0.0988380866154,0.0989669018465,0.0997213910573,0.100052630223,0.100291858509,0.0998134019366,0.100659902027,0.101727228227,0.102555326142,0.102260891328,0.102113673921,0.102555326142,0.102003260866,0.101690423876,0.101193565127,0.101193565127,0.100991141193,0.100126238926,0.099758195409,0.0991693257811,0.100494282444,0.10042067374,0.100623097675,0.101340782534,0.102095271745,0.102812956604,0.103641054518,0.10305218489,0.102776152252,0.103953891508,0.102720945725,0.10189284781,0.102076869569,0.102003260866,0.10135918471,0.100899130313,0.100567891147,0.101690423876,0.101727228227,0.101340782534,0.102463315262,0.104027500212,0.104689978543,0.104413945905,0.104671576367,0.105021217709,0.104634772015,0.10367785887,0.104082706739,0.103530641463,0.10336502188,0.103751467574,0.103733065398,0.10336502188,0.104266728498,0.104432348081,0.105113228588,0.105794109095,0.106364576548,0.107855152793,0.108204794135,0.106971848351,0.107229478814,0.107450304924,0.106070141734,0.106640609186,0.107247880989,0.107744739738,0.107560717979,0.107045457055,0.106346174372,0.106787826593,0.107431902748,0.10778154409,0.107836750617,0.10778154409,0.107523913628,0.107063859231,0.10715587011,0.10684303312,0.106254163492,0.106474989603,