# R script for Peak Model
#  -- generated by MACS
p <- c(0.0332932684267,0.0389573609789,0.0444281905306,0.0499213196592,0.0554441815572,0.0551765866335,0.0552583517491,0.0555185134805,0.0551319874795,0.0549461576714,0.0546488299784,0.0544332674009,0.0546562631707,0.0549535908637,0.0550130564023,0.0549684572484,0.0552137525951,0.0549089917098,0.0550873883256,0.0552880845184,0.0555036470958,0.0554887807112,0.0549981900177,0.0545224657088,0.0546116640167,0.0545744980551,0.0544332674009,0.0548420929788,0.0547603278632,0.0545670648628,0.0542548707851,0.0541359397079,0.0541210733232,0.0546265304014,0.0541433729002,0.0545819312474,0.0541210733232,0.0535635838988,0.0535189847449,0.0537196809377,0.0539501098997,0.0542177048235,0.05436636867,0.0540616077846,0.0546339635937,0.0543143363237,0.0549312912867,0.055280651326,0.0553921492109,0.0554441815572,0.0554887807112,0.055600278596,0.0558604403274,0.0559496386354,0.0562172335591,0.0565368608291,0.0564104965595,0.0562098003668,0.0559570718277,0.0558530071351,0.0556374445577,0.0552583517491,0.0549907568253,0.0547826274402,0.0542846035544,0.0539872758614,0.0540913405539,0.0543738018623,0.0545744980551,0.0547751942479,0.0547974938249,0.0552360521721,0.0553178172877,0.0557340760579,0.0557563756349,0.0558455739428,0.0560239705586,0.0562172335591,0.0562172335591,0.0561206020588,0.056581459983,0.0565442940214,0.0567003910602,0.0567895893682,0.0568490549068,0.0568639212914,0.0567078242526,0.0568118889451,0.0573396456003,0.0572058481384,0.0571835485614,0.0570200183303,0.0569754191763,0.0567078242526,0.0567821561758,0.0570423179072,0.0570051519456,0.0566780914833,0.0564922616751,0.0568564880991,0.0569828523686,0.0570348847149,0.0571315162151,0.057220714523,0.0568564880991,0.0566929578679,0.056901087253,0.0568416217144,0.0563807637902,0.0562543995207,0.0558232743658,0.0560314037509,0.0559793714047,0.0557861084042,0.0560537033279,0.0564179297519,0.0560760029049,0.056306431867,0.0567301238296,0.0566186259447,0.0565740267907,0.0565368608291,0.0566111927523,0.0569754191763,0.057309912831,0.0570348847149,0.0574288439082,0.0574214107158,0.0574883094468,0.0572727468693,0.0575923741393,0.0573024796386,0.057287613254,0.0574288439082,0.0574288439082,0.0574883094468,0.0573619451772,0.0573247792156,0.0572950464463,0.0577782039475,0.0578451026784,0.058224195487,0.05820189591,0.0581052644098,0.0577782039475,0.0578897018324,0.0578897018324,0.0576667060626,0.0576444064856,0.0577113052165,0.0577038720242,0.0574585766775,0.0572950464463,0.0571389494075,0.0574734430621,0.0573173460233,0.0576518396779,0.0581126976021,0.058224195487,0.0579343009863,0.0576444064856,0.057926867794,0.058566122334,0.0584100252952,0.0580606652558,0.0579714669479,0.0578153699091,0.0581795963331,0.0582985274103,0.0582985274103,0.0586255878726,0.0584323248721,0.0582167622947,0.0583059606026,0.0589749479119,0.0590046806812,0.0589006159886,0.0588262840654,0.0589154823733,0.0592648424126,0.0593540407205,0.0594804049901,0.0595547369133,0.0595324373363,0.0593168747589,0.0595175709517,0.059844631414,0.0598148986447,0.0602608901842,0.0599561292989,0.0600824935684,0.0605210519156,0.060781213647,0.060870411955,0.0607589140701,0.0613164034945,0.0610934077247,0.0605656510696,0.0599189633373,0.0597479999138,0.0597628662984,0.0593317411435,0.0590864457968,0.0592128100663,0.0593094415666,0.0590790126045,0.05916077772,0.059525004144,0.0595993360673,0.0603946876461,0.0603129225305,0.0604690195694,0.0606399829929,0.0613684358408,0.0614353345717,0.061145440071,0.0608109464163,0.0610190758015,0.0613461362638,0.0613461362638,0.0614130349947,0.0613535694561,0.0613907354177,0.0610042094168,0.061123140494,0.0614502009564,0.0619259252652,0.0622158197659,0.0619928239961,0.0618218605726,0.0622752853045,0.0623942163817,0.0626543781131,0.0625726129975,0.0622306861506,0.0621563542273,0.0622678521122,0.062126621458,0.0625726129975,0.0625354470359,0.0622158197659,0.0626172121515,0.0623644836124,0.062446248728,0.0630557704987,0.0634199969227,0.0633902641534,0.0631970011529,0.0629665721908,0.0632341671145,0.0632416003068,0.0631821347682,0.0633902641534,0.0639031544238,0.0640072191164,0.063747057385,0.0637619237696,0.0640369518857,0.0644755102329,0.0647728379259,0.0649661009264,0.0649586677341,0.0650850320036,0.0646018745024,0.0643714455403,0.0645647085408,0.0645721417331,0.0644978098099,0.0642971136171,0.0643491459634,0.064364012348,0.0644234778866,0.0644234778866,0.064728238772,0.0652262626578,0.0654566916199,0.0658952499671,0.0667723666615,0.067285256932,0.0677312484715,0.0682367055497,0.0688164945511,0.0693368180139,0.0691807209751,0.0692550528983,0.0691361218211,0.0697902427458,0.0693442512062,0.0692847856676,0.0693145184369,0.069544947399,0.0694260163218,0.0695003482451,0.069909173823,0.0704071977088,0.0714255450574,0.071165383326,0.07184923702,0.0723546940981,0.0722654957902,0.0723918600597,0.0730682805614,0.0738413325633,0.0750826756816,0.075662464683,0.0757367966063,0.0769186741861,0.0779221551501,0.0784499118052,0.079564890654,0.0806055375796,0.0812670916966,0.0815941521589,0.0816238849282,0.082188807545,0.0826050663152,0.0826347990845,0.0822854390452,0.0829544263545,0.0829246935852,0.0826050663152,0.0828949608159,0.0832517540476,0.0832145880859,0.082828062085,0.0833632519324,0.0836680128178,0.0845525627046,0.0845153967429,0.0846194614355,0.0855337440915,0.0861952982085,0.0866189901711,0.0868940182871,0.0877711349816,0.0878231673278,0.0882171265211,0.0880610294823,0.0881427945979,0.0889158465997,0.088648251676,0.0881056286362,0.0881056286362,0.088603652522,0.0884698550602,0.0887820491379,0.0889084134074,0.0893692713316,0.0898152628711,0.0900531250256,0.0900902909872,0.0906626467963,0.0911829702591,0.0919039899146,0.0927067746858,0.0931007338791,0.0931750658023,0.093531859034,0.0938960854579,0.0943346438051,0.0950036311145,0.0953455579614,0.095107695807,0.0948698336526,0.094513040421,0.0945353399979,0.0951374285763,0.094810368114,0.0945799391519,0.0941190812277,0.0943123442282,0.0945650727672,0.0949441655758,0.0953975903077,0.0958658814242,0.0964382372333,0.0967875972726,0.0972038560429,0.0982073370068,0.0983857336226,0.098712794085,0.0991662188168,0.0991290528552,0.0994486801252,0.0996791090873,0.100058201896,0.0999987363573,0.100667723667,0.100362962781,0.100608258128,0.100660290474,0.100920452206,0.101500241207,0.101805002092,0.102280726401,0.102087463401,0.102860515403,0.103001746057,0.103663300174,0.104532983676,0.104964108831,0.105105339485,0.105187104601,0.105335768447,0.105878391487,0.106093954064,0.106138553218,0.106413581334,0.106725775412,0.107290698029,0.108056316838,0.108078616415,0.10885910161,0.109483489765,0.10956525488,0.110286274536,0.110434938383,0.110858630345,0.111616815962,0.111966176002,0.11224863731,0.112999389735,0.113489980428,0.113757575352,0.113831907275,0.114270465623,0.114924586547,0.115653039395,0.11566790578,0.115467209587,0.115771970472,0.115846302396,0.116322026704,0.117132244668,0.117860697516,0.118388454171,0.118774980172,0.118916210826,0.11937706875,0.120499480792,0.121413763448,0.122521309104,0.123502490491,0.123383559414,0.12375521903,0.124624902532,0.125003995341,0.125509452419,0.126401435498,0.127196787077,0.127375183693,0.127947539502,0.128400964234,0.129300380505,0.130266695507,0.130526857239,0.131255310087,0.132258791051,0.132273657435,0.132838580052,0.133641364823,0.133775162285,0.133960992093,0.134696878134,0.135432764174,0.136183516599,0.136659240908,0.137432292909,0.138145879373,0.138636470066,0.139364922914,0.140621132417,0.141498249112,0.141959107036,0.143133551423,0.143408579539,0.144367461349,0.144731687773,0.146314957739,0.146694050547,0.147184641241,0.14772726428,0.148292186897,0.149830857709,0.149741659401,0.15104990125,0.151666856213,0.152477074177,0.152885899754,0.153993445411,0.154937460836,0.15510842426,0.155264521299,0.155688213261,0.156907256803,0.157449879842,0.158594591461,0.159308177924,0.160133262272,0.160898881082,0.161939528007,0.162943008971,0.164533712129,0.16501686963,0.16565612417,0.16693463325,0.168153676791,