# R script for Peak Model
#  -- generated by MACS
p <- c(0.0155974471682,0.0182237231221,0.0208213904054,0.023213075261,0.0257306382669,0.025736360001,0.0254445515617,0.0254903254345,0.0255074906368,0.0252843430067,0.0250440301744,0.0249181520241,0.0249925345674,0.02513557792,0.0252271256657,0.025187073527,0.0253873342206,0.0255132123709,0.0254788819663,0.0256676991917,0.0258107425443,0.026176933527,0.0259766728334,0.026011003238,0.0259423424287,0.0259766728334,0.0261540465906,0.0260453336426,0.025845072949,0.0260396119085,0.0260853857813,0.0257306382669,0.0259308989605,0.0261940987293,0.0261826552611,0.0260281684403,0.0258393512149,0.0259366206946,0.0262684812727,0.0259137337582,0.0260052815039,0.026176933527,0.0258794033536,0.0256390905212,0.0256963078623,0.0258507946831,0.0256619774576,0.0257420817351,0.0256219253189,0.0260911075154,0.0261082727178,0.0259308989605,0.0261082727178,0.0261368813883,0.0262913682091,0.026119716186,0.0264401332958,0.0264458550299,0.0266232287871,0.0265831766484,0.0266003418507,0.0266976113305,0.0268292112149,0.0270695240473,0.0270351936426,0.0269264806947,0.0270924109837,0.0268864285559,0.026777715608,0.0265831766484,0.0264630202322,0.0266461157236,0.0266632809259,0.0264687419663,0.0264973506368,0.0268978720241,0.0267033330646,0.0268292112149,0.0268578198854,0.0268234894808,0.0269550893652,0.026726220001,0.0266918895964,0.0267719938739,0.0266403939895,0.0266747243941,0.0268006025444,0.0267491069374,0.0266289505212,0.026726220001,0.0266747243941,0.0266861678623,0.0268006025444,0.0267834373421,0.0269722545675,0.0267204982669,0.0266575591918,0.0268807068218,0.0268292112149,0.026777715608,0.0270065849721,0.0269951415039,0.0270981327178,0.0269779763016,0.0269722545675,0.0270237501744,0.026943645897,0.0269493676311,0.0271210196542,0.0272526195386,0.0272411760704,0.0272640630068,0.0271725152612,0.0273441672843,0.0273556107525,0.0274700454346,0.0274757671687,0.0272526195386,0.0274185498276,0.0274128280935,0.0276931930646,0.0278305146831,0.0276531409259,0.0274528802323,0.0274872106369,0.0277275234693,0.0277218017352,0.0276474191918,0.0274128280935,0.0273384455502,0.0269322024288,0.0271610717929,0.0272926716773,0.0274814889028,0.027710358267,0.027550149712,0.0277218017352,0.0282424795386,0.0284427402323,0.0286658878624,0.0289977484404,0.0287173834693,0.0288604268219,0.0289691397699,0.0288833137583,0.0290206353768,0.0290435223132,0.0291179048566,0.0292838351456,0.0292781134115,0.0290091919086,0.0294383219664,0.0294440437005,0.0293982698277,0.0290950179202,0.0292609482092,0.0293010003479,0.029083574452,0.0288146529491,0.0288032094809,0.0290034701745,0.0287974877468,0.0288318181514,0.0290721309838,0.0293524959549,0.0294326002323,0.0295527566485,0.0297186869375,0.029907504163,0.0302221995387,0.0303652428913,0.0304853993075,0.0307829294809,0.0306513295965,0.0307772077468,0.0307428773422,0.0308115381515,0.0309259728335,0.0312463899434,0.0313837115619,0.0312292247411,0.0311662856659,0.0310919031226,0.0312921638162,0.0312978855503,0.031223503007,0.0313551028914,0.0313436594232,0.0312006160706,0.0308573120243,0.0309774684405,0.0312749986139,0.0313837115619,0.0314008767642,0.0315610853191,0.0316869634694,0.0317384590764,0.0318700589608,0.0320417109839,0.0324593975735,0.0326711017354,0.0326939886718,0.032814145088,0.0328770841631,0.0332947707527,0.0332089447412,0.0333176576891,0.0333405446255,0.0336094661284,0.0337067356082,0.0333977619666,0.0337525094811,0.0337696746834,0.033969935377,0.0335694139897,0.0340500396545,0.0343418480938,0.0346222130649,0.0347480912152,0.0346164913308,0.0355262470534,0.0353660384985,0.035560577458,0.0357436729493,0.035835220695,0.0360869769956,0.0358008902904,0.035835220695,0.0357150642788,0.0359553771112,0.0358123337586,0.0359096032384,0.0358981597702,0.0360183161863,0.0363501767644,0.0361213074002,0.0363730637008,0.0368937415043,0.0372141586141,0.0371054456662,0.0373285932962,0.0377920537587,0.0380438100593,0.0383241750304,0.038415722776,0.03896500925,0.0393655306373,0.0391595482096,0.0390794439321,0.0394227479784,0.0396687825449,0.0395085739899,0.0398347128339,0.03973172162,0.0399777561865,0.0399548692501,0.0401207995391,0.0402009038166,0.0405213209264,0.0406128686721,0.040607146938,0.0407501902906,0.0404526601172,0.0406986946836,0.040664364279,0.0408703467068,0.0412594246259,0.041322363701,0.0416427808108,0.0419288675161,0.0422607280941,0.0425639800016,0.0431475968803,0.0434107966491,0.0438399267069,0.0441260134121,0.0442747784988,0.0447840128341,0.0451902559555,0.0455106730653,0.0458082032387,0.0461686724873,0.0464147070538,0.0463803766492,0.0464948113313,0.0465291417359,0.0465005330654,0.0469926021983,0.047192862892,0.0475991060134,0.0480225143371,0.0484402009267,0.0490123743371,0.0497333128343,0.0502825993083,0.0509177117939,0.0511236942216,0.0513582853199,0.0520506151465,0.0522222671696,0.0523309801176,0.0531091359558,0.0535096573431,0.0540360568807,0.054711221505,0.0552376210426,0.056250367979,0.0566051154935,0.056633724164,0.0570571324877,0.05784101006,0.0580870446265,0.058556226823,0.0590826263606,0.0596719649734,0.0600324342219,0.0604558425457,0.0615544154937,0.06212086717,0.0631965531816,0.0634654746845,0.0640033176903,0.0643466217366,0.0648501343377,0.0650446732973,0.0653364817366,0.065908655147,0.0659715942222,0.0669385672858,0.0673104800026,0.0682087922569,0.0688381830084,0.0697422169969,0.0704173816212,0.0712127026617,0.0722483365345,0.0726889100606,0.0738675872861,0.0744283172283,0.0751034818526,0.0752980208121,0.075784368211,0.0759903506387,0.0765796892515,0.0772834625463,0.0779414619683,0.0787138960724,0.0788111655521,0.0790057045117,0.0798181907545,0.0806878943383,0.0810311983846,0.0819352323731,0.0824730753789,0.0831081878644,0.0840122218529,0.0848018211593,0.0858145680958,0.0869188627779,0.08802315746,0.0889500783849,0.090105868674,0.0912330502925,0.0917823367665,0.092520440466,0.0932871528359,0.094116804281,0.0948663514487,0.0957188898302,0.0965027674025,0.0974983491367,0.0984939308708,0.0992606432408,0.100565198617,0.101881197461,0.102933996536,0.103666378501,0.104747786247,0.105754811449,0.10632698486,0.107608653299,0.108730113183,0.110137659773,0.111396441276,0.112477849022,0.113072909368,0.114406073415,0.115722072259,0.116368628213,0.11734132301,0.117970713762,0.119149390987,0.119778781739,0.120883076421,0.121947318964,0.122988674571,0.124321838617,0.125380359427,0.127400131566,0.128944999774,0.130392598502,0.131817310294,0.133528108791,0.135307568098,0.136566349601,0.138809269369,0.140228259427,0.14136116278,0.142883144052,0.14487430752,0.146550775613,0.147918270063,0.148879521393,0.149634790295,0.151820492723,0.152575761624,0.153903203937,0.156174732376,0.157250418388,0.157999965555,0.159584885902,0.161364345208,0.163120917578,0.165735750064,0.166313645209,0.168436408561,0.170416128561,0.171428875498,0.173643186596,0.175931880238,0.177516800585,0.178964399313,0.181081440932,0.18230589203,0.184268446828,0.186734514227,0.188445312724,0.190928545325,0.192267431106,0.194584733418,0.195917897464,0.198155095499,0.200140537233,0.202320517927,0.205084115499,0.2065774881,0.208391277811,0.210124963245,0.212419378621,0.213626664517,0.216230053534,0.217889356424,0.21973747654,0.22213488313,0.223565316656,0.22599705365,0.228360129835,0.229842058968,0.231867552841,0.234562489604,0.236839739778,0.239443128795,0.241520118275,0.243099316888,0.245267854113,0.2471445829,0.249421833073,0.252173987177,0.253804681397,0.256287913998,0.259097285443,0.260808083941,0.263726168334,0.265757383941,0.268944389837,0.27067807527,0.272646351802,0.275770418623,0.278608398739,0.280256258161,0.281904117583,0.284267193768,0.28604093134,0.289056285213,0.290246405907,0.292958507872,0.295075549491,0.296855008797,0.299252415387,0.301563995965,0.303543715965,0.306707834925,0.309122406717,0.310901866023,0.313299272613,0.314798366948,0.316286017816,0.31785377296,0.319896432035,0.322064969261,0.32423922822,0.325389296775,0.327460564521,0.32890816325,0.331625986949,0.334732888568,0.337868398857,0.340683492036,0.342800533655,