# R script for Peak Model
#  -- generated by MACS
p <- c(0.0412751559758,0.0481124534335,0.0555781789663,0.0624657506699,0.0693030481275,0.0690014026515,0.0688757170364,0.0685489344374,0.0692276367585,0.0691522253895,0.0684483859453,0.0686997571754,0.0674177639021,0.067090981303,0.066889884319,0.067040707057,0.066965295688,0.0674680381481,0.06706584418,0.0666385130889,0.0664374161049,0.0661609077518,0.0668396100729,0.067116118426,0.067141255549,0.0663871418588,0.0661860448748,0.0667390615809,0.0662363191208,0.0662111819978,0.0656330281687,0.0658341251527,0.0653816569386,0.0652559713236,0.0650046000935,0.0658843993987,0.0655073425536,0.0657838509067,0.0661357706288,0.066990432811,0.0680713291002,0.0682221518383,0.0688003056674,0.0692024996355,0.0696801049726,0.0699063390797,0.0701828474327,0.0694538708656,0.0697303792186,0.0693784594966,0.0695292822346,0.0694035966196,0.0692527738815,0.0690014026515,0.0682221518383,0.0679205063622,0.0686494829294,0.0696298307266,0.0695041451116,0.0698309277107,0.0684483859453,0.0680210548542,0.0677948207472,0.0678450949932,0.0687500314214,0.0685740715604,0.0682221518383,0.0674680381481,0.0678199578702,0.066889884319,0.0675937237631,0.0683981116993,0.0689511284055,0.0687500314214,0.0683981116993,0.0692024996355,0.0695795564806,0.0689259912824,0.0686494829294,0.0697555163416,0.0696549678496,0.0693281852505,0.0687248942984,0.0686746200524,0.0689511284055,0.0684986601913,0.0677194093782,0.0682724260843,0.0686746200524,0.0680713291002,0.0689762655285,0.0693030481275,0.0697555163416,0.0700822989407,0.0700320246947,0.0696549678496,0.0705850414008,0.0702331216788,0.0704593557858,0.0706101785238,0.0697303792186,0.0696046936036,0.0696046936036,0.0696801049726,0.0706604527699,0.071314017968,0.071188332353,0.0716659376901,0.07116319523,0.07141456646,0.071389429337,0.0709872353689,0.0709872353689,0.0704844929088,0.0690516768975,0.0687248942984,0.0683478374533,0.0682724260843,0.0678953692392,0.0676691351321,0.0676691351321,0.0674429010251,0.067216666918,0.0676942722552,0.0680210548542,0.0681216033463,0.0682472889613,0.0677445465012,0.0679959177312,0.0684735230683,0.0691773625125,0.0696046936036,0.0696801049726,0.0695041451116,0.0695041451116,0.0690265397745,0.0693281852505,0.0694287337426,0.0692276367585,0.0688505799134,0.0687500314214,0.0686746200524,0.0694035966196,0.0693784594966,0.0697806534646,0.0693784594966,0.0691270882665,0.0689008541594,0.0687751685444,0.0679959177312,0.0679707806082,0.0683981116993,0.0675685866401,0.0682975632073,0.0683729745763,0.0689259912824,0.0681718775923,0.0688757170364,0.0697806534646,0.0708866868769,0.071087783861,0.0715653891981,0.0717916233051,0.0706604527699,0.0702079845558,0.0708866868769,0.0718167604281,0.0715402520751,0.0708866868769,0.071288880845,0.071439703583,0.0704342186628,0.0699063390797,0.0707610012619,0.071188332353,0.071112920984,0.0717413490591,0.0719675831662,0.0727216968564,0.0718167604281,0.0709369611229,0.0705599042778,0.0708866868769,0.0706855898929,0.0715402520751,0.071339155091,0.0703336701708,0.0704593557858,0.0703336701708,0.0707610012619,0.071087783861,0.0714648407061,0.0720178574122,0.0710375096149,0.0696046936036,0.0694538708656,0.0692024996355,0.0688505799134,0.0684986601913,0.0678953692392,0.0682975632073,0.0686243458064,0.0676188608861,0.0679205063622,0.0684483859453,0.0685489344374,0.0693533223735,0.0693281852505,0.0696549678496,0.0696801049726,0.0694035966196,0.0680461919772,0.0683478374533,0.0688505799134,0.0680964662232,0.0677948207472,0.067040707057,0.067090981303,0.0663620047358,0.066940158565,0.067090981303,0.0690768140205,0.0695544193576,0.0696801049726,0.0696549678496,0.0695795564806,0.0696298307266,0.0691019511435,0.0697555163416,0.0690265397745,0.0686997571754,0.0685489344374,0.0681718775923,0.0684735230683,0.0691522253895,0.0690014026515,0.0696549678496,0.0699817504487,0.0696801049726,0.0703588072938,0.0701325731867,0.0697303792186,0.0692276367585,0.0683478374533,0.0681467404693,0.0692527738815,0.0696298307266,0.0701577103097,0.0709620982459,0.071288880845,0.0721184059042,0.071213469476,0.0720932687812,0.0735260847925,0.0737271817766,0.0732244393165,0.0725205998723,0.0723949142573,0.0717413490591,0.0722189543962,0.0717162119361,0.0722440915192,0.0725457369953,0.0719173089202,0.0720178574122,0.0724703256263,0.0722440915192,0.0723446400113,0.0723195028883,0.0709872353689,0.071112920984,0.0715653891981,0.071288880845,0.071263743722,0.0717413490591,0.0715905263211,0.0720932687812,0.0726965597333,0.0728473824714,0.0737271817766,0.0743807469747,0.0744812954668,0.0747326666968,0.0749840379269,0.0746572553278,0.075411369018,0.0758387001091,0.0761152084622,0.0766179509223,0.0768944592753,0.0767687736603,0.0768190479063,0.0766933622913,0.0768693221523,0.0774474759815,0.0772463789974,0.0768944592753,0.0765928137993,0.0769447335214,0.0766933622913,0.0768190479063,0.0771206933824,0.0778748070726,0.0785535093937,0.0791568003459,0.0793327602069,0.0803633822502,0.0810169474483,0.0815448270315,0.0829525059198,0.0844607333002,0.0852399841133,0.0855416295894,0.0854662182204,0.0852651212363,0.0860946462955,0.0868990342317,0.0870247198468,0.0873766395688,0.0875777365529,0.0877788335369,0.08780397066,0.0885832214731,0.0894127465323,0.0907701511747,0.0912477565118,0.0910969337737,0.0909712481587,0.0904685056986,0.0899909003615,0.0900914488535,0.0896389806394,0.0890859639333,0.0889351411952,0.0889854154412,0.087879382029,0.0883067131201,0.0893624722863,0.0896641177624,0.0907450140517,0.0896389806394,0.0904936428216,0.0908455625437,0.092052144448,0.0915494019878,0.0912728936348,0.0907198769286,0.0904433685756,0.0903679572066,0.0894127465323,0.0901165859765,0.0905941913136,0.0909209739127,0.0894630207783,0.0898903518694,0.0904685056986,0.0906696026826,0.0905941913136,0.0908958367897,0.0915996762339,0.0913483050038,0.0911472080197,0.0900160374845,0.0910717966507,0.0907952882977,0.0917504989719,0.092278378555,0.092303515678,0.0928313952611,0.0925548869081,0.0931079036142,0.0929570808762,0.0941887999035,0.0933844119673,0.0931330407372,0.0924292012931,0.0914488534958,0.0918510474639,0.0916750876029,0.0913231678808,0.0917002247259,0.092027007325,0.092353789924,0.0932084521062,0.0931330407372,0.0935352347053,0.0939374286734,0.0944653082565,0.0953451075617,0.0960740841289,0.0954456560538,0.0955713416688,0.0956718901608,0.0949931878397,0.0951691477007,0.0955713416688,0.09625004399,0.0954456560538,0.0942642112725,0.0937363316894,0.0940631142884,0.0935352347053,0.0935603718283,0.0944150340105,0.0942642112725,0.0938871544274,0.0931581778602,0.0937614688124,0.0951942848237,0.0952948333157,0.0957975757759,0.0959735356369,0.096551689466,0.096451140974,0.0967276493271,0.0973058031562,0.0982610138304,0.0974063516482,0.0974063516482,0.0985375221835,0.0984369736915,0.0986883449215,0.0979342312314,0.0977331342473,0.0974314887712,0.0972806660332,0.096375729605,0.09650141522,0.0961746326209,0.0953199704387,0.0949429135937,0.0949680507167,0.0954205189308,0.0952948333157,0.096199769744,0.096576826589,0.0971801175412,0.0971549804182,0.0973309402792,0.0967276493271,0.096400866728,0.0966522379581,0.0955964787918,0.0955964787918,0.0949429135937,0.0956970272838,0.0961243583749,0.096601963712,0.0961494954979,0.0972052546642,0.0972806660332,0.0976577228783,0.0996184184728,0.100498217778,0.101704799682,0.100146298056,0.0998195154568,0.100950685992,0.101302605714,0.101830485297,0.102961655833,0.103539809662,0.103313575555,0.103288438432,0.103062204325,0.103338712678,0.1036906324,0.103037067202,0.103062204325,0.102458913372,0.102760558849,0.102006445158,0.101553976944,0.101403154206,0.100498217778,0.101227194345,0.101629388313,0.101579114067,0.101780211051,0.101654525436,0.10009602381,0.100246846548,0.100573629147,0.1008501375,0.102308090634,0.102232679265,0.101453428452,0.102031582281,0.101931033789,0.101956170912,0.103087341448,0.102911381587,0.101956170912,0.102484050495,0.102433776249,0.103087341448,0.103715769523,0.103112478571,0.103615221031,0.104369334721,0.103841455138,0.104620705951,0.106355167438,