# R script for Peak Model
#  -- generated by MACS
p <- c(0.0323909513746,0.0380019823214,0.0432000802547,0.0479245197316,0.0530497471332,0.0529404413355,0.0531590529308,0.0531104725763,0.0527704100947,0.0529404413355,0.0525517984994,0.0519809793338,0.0521753007519,0.0525153632335,0.0523696221699,0.0524910730562,0.0520295596883,0.0517623677385,0.0522481712836,0.0520902851315,0.0523574770813,0.0525396534107,0.0521874458405,0.0525153632335,0.0533290841717,0.0531347627536,0.0537905975396,0.0540577894894,0.0540334993122,0.0538270328055,0.0540577894894,0.054300691262,0.0545071577687,0.0546528988323,0.0539970640463,0.0541428051098,0.0536691466533,0.0538027426282,0.0537298720964,0.0542521109075,0.0546164635664,0.0544099970597,0.0545921733891,0.0544585774142,0.0543249814393,0.0539484836918,0.0541913854643,0.0536205662988,0.0538148877168,0.0532683587285,0.0532562136399,0.0533776645262,0.054203530553,0.0539606287804,0.0543614167052,0.0548472202503,0.0548107849844,0.0551994278206,0.0550051064025,0.056037438936,0.0559888585815,0.0561953250882,0.0553573139728,0.0556852313658,0.055940278227,0.0558066822521,0.0559159880497,0.0559038429611,0.0562317603541,0.0557459568089,0.0555516353908,0.0556852313658,0.0558552626066,0.0561224545564,0.0561831799996,0.0560617291133,0.0559159880497,0.05626819562,0.0560252938474,0.0556852313658,0.0555880706567,0.0558188273407,0.0554180394159,0.0548350751617,0.0548107849844,0.054956526048,0.0551387023774,0.0547864948072,0.0546650439209,0.0553330237955,0.0552237179978,0.0549929613139,0.0554544746818,0.0559645684042,0.0558066822521,0.055940278227,0.0555759255681,0.0557459568089,0.0564746621267,0.0562439054427,0.0562317603541,0.0561953250882,0.056037438936,0.0558431175179,0.0556852313658,0.0553694590614,0.0557702469862,0.0558309724293,0.05538160415,0.0553451688841,0.0550901220229,0.0550293965798,0.0551144122002,0.0552480081751,0.0553208787069,0.0560495840246,0.0564503719494,0.0566325482789,0.0568633049628,0.0568390147856,0.0573248183307,0.0576648808124,0.0578834924077,0.0583935861301,0.0587943740549,0.0586972133458,0.0589765503843,0.0585757624596,0.0584786017505,0.0582356999779,0.0585028919278,0.0581628294462,0.0581628294462,0.0577498964328,0.0575677201033,0.0573733986852,0.0567539991651,0.0571547870899,0.0569847558491,0.0569726107605,0.0570454812923,0.0577863316986,0.0573855437739,0.0570454812923,0.0573733986852,0.0575312848374,0.0580170883826,0.0581385392689,0.0588672445867,0.059413773575,0.0587943740549,0.0586243428141,0.0589522602071,0.0591344365365,0.058988695473,0.0590129856502,0.0591222914479,0.0588793896753,0.0584543115733,0.0582721352438,0.0585879075482,0.0586243428141,0.0591951619797,0.0593166128659,0.0591101463592,0.0590129856502,0.0588186642321,0.0590615660047,0.058757938789,0.0593166128659,0.0599238672974,0.0597902713225,0.0598145614998,0.060263929779,0.0607011529697,0.0609804900082,0.0608954743878,0.0608711842105,0.0617456305918,0.0613205524898,0.0607132980583,0.0608104587674,0.0605068315516,0.059838851677,0.0598267065884,0.0598145614998,0.0595959499044,0.0595595146385,0.0593530481318,0.059936012386,0.0603732355767,0.0598995771202,0.0601303338041,0.0607497333242,0.0606647177038,0.061478438642,0.0619399520099,0.0620735479848,0.0621099832507,0.0624136104664,0.0628022533026,0.0631180256069,0.0630937354297,0.0635188135317,0.0636888447725,0.063312347025,0.0634945233545,0.0635916840635,0.0636766996839,0.0631544608728,0.0626808024163,0.0628265434798,0.0629722845434,0.0633487822909,0.0635916840635,0.0638345858361,0.0634580880886,0.0641867934063,0.0640167621655,0.0639438916337,0.0650005143445,0.0656320589532,0.0658992509031,0.0651462554081,0.0652555612057,0.0651341103194,0.0651098201422,0.0643325344699,0.0642475188495,0.0643203893813,0.0639317465451,0.0641139228746,0.0640046170769,0.0642110835836,0.0643689697358,0.0644175500903,0.0654984629783,0.0663000388278,0.0669437285252,0.0670530343229,0.0670651794115,0.0666522463981,0.0667494071071,0.0673080811841,0.0670408892342,0.0670894695888,0.0668830030821,0.0664093446255,0.066360764271,0.0671987753864,0.0672473557409,0.0673080811841,0.0674659673363,0.0673566615386,0.067769594552,0.0679031905269,0.0678910454383,0.0685833154902,0.0681460922995,0.0677210141975,0.0680489315905,0.068425429338,0.0685833154902,0.0692512953648,0.0688990877945,0.0688990877945,0.0691298444785,0.0689476681491,0.0697735341759,0.0701743221006,0.0698949850621,0.0693363109852,0.0695549225805,0.0692877306307,0.0697006636441,0.0700528712143,0.0703443533414,0.0707329961776,0.0707087060003,0.0706965609117,0.0707451412662,0.0712066546341,0.0711823644569,0.0710852037478,0.0717288934452,0.0716924581793,0.0717896188883,0.0715102818499,0.0719596501291,0.0721782617245,0.0730284179285,0.0735749469169,0.0736963978031,0.0743522325891,0.0743279424119,0.0746680048935,0.0749959222865,0.0762225762381,0.0760161097314,0.0766962346946,0.077012006999,0.077765002494,0.0786273037867,0.0789066408252,0.0799875537132,0.0811899174875,0.0817607366531,0.0819307678939,0.0830238258705,0.0832060022,0.0842140445562,0.0849913302285,0.0855742944827,0.0865094663072,0.0863151448891,0.0866187721048,0.0876996849928,0.0883433746902,0.0890477898307,0.0893271268692,0.0898129304144,0.0895214482872,0.0897643500598,0.0897643500598,0.0904323299344,0.0896793344394,0.0895457384645,0.0893635621351,0.0894121424896,0.0903837495799,0.0901408478073,0.0901408478073,0.0914525173793,0.0915375329997,0.0923391088493,0.0936143431553,0.094379483739,0.0943309033845,0.0942580328527,0.0940394212574,0.0943551935617,0.0949624479932,0.0940151310801,0.0943551935617,0.0936386333326,0.0938329547507,0.0932378454078,0.0945495149798,0.0959947805267,0.0966991956672,0.096869226908,0.0973914657191,0.0977679634666,0.0984602335185,0.098739570557,0.0994318406088,0.0992132290135,0.0990674879499,0.0984723786071,0.0987638607342,0.098933891975,0.0987152803797,0.0993832602543,0.0990431977727,0.0994075504316,0.0991525035704,0.100537043674,0.100537043674,0.101059282485,0.101447925321,0.102006599398,0.103160382818,0.103791927427,0.104605648365,0.105419369303,0.106099494266,0.10571085143,0.106354541128,0.105990188469,0.106561007634,0.106876779939,0.106609587989,0.106439556748,0.106803909407,0.106633878166,0.106451701837,0.1065974429,0.107143971888,0.107726936143,0.106888925027,0.107581195079,0.108079143713,0.108249174954,0.108419206195,0.108297755308,0.109366523108,0.11014380878,0.110046648071,0.110544596705,0.11164979977,0.111819831011,0.111321882377,0.111455478352,0.112512101063,0.113787335369,0.113726609926,0.114090962585,0.11474679737,0.115718404461,0.116277078538,0.116459254867,0.117977390946,0.118536065023,0.118985433302,0.11944694667,0.11936193105,0.11971413862,0.120187797076,0.119750573886,0.119884169861,0.119653413177,0.120090636367,0.120722180976,0.119629123,0.119762718974,0.120454989026,0.120831486774,0.121050098369,0.121499466648,0.121766658598,0.122762555866,0.122288897409,0.122507509005,0.12414709597,0.125191573592,0.125543781162,0.126928321266,0.126940466354,0.127948508711,0.127693461849,0.128434312256,0.12963667603,0.129563805498,0.129697401473,0.129685256385,0.130632573298,0.130389671525,0.130899765248,0.131543454945,0.132612222744,0.132721528542,0.133462378948,0.134458276216,0.135016950293,0.134992660116,0.134786193609,0.135138401179,0.135964267206,0.135854961408,0.137288081867,0.137518838551,0.137288081867,0.138247543868,0.13805322245,0.139146280427,0.140421514733,0.140700851772,0.140603691062,0.141854635191,0.141538862887,0.142619775775,0.143664253397,0.143870719904,0.14549816178,0.145826079173,0.146530494314,0.147368505429,0.148473708494,0.148935221862,0.149080962926,0.149408880319,0.149943264218,0.149870393687,0.149821813332,0.150684114625,0.150489793207,0.151801462779,0.152797360046,0.152833795312,0.153489630098,0.154109029618,0.155189942506,0.15684167456,0.158371955727,0.159222111931,0.160169428844,0.160266589553,0.159890091806,0.160922424339,0.162221948823,0.163327151888,0.163035669761,0.162829203254,0.162987089406,0.16348503804,0.16428661389,0.164153017915,0.165367526778,