# R script for Peak Model
#  -- generated by MACS
p <- c(0.0298725574097,0.0348995535814,0.0398642132194,0.0447843467621,0.0497534590097,0.0496510489903,0.0499627316581,0.0498336059815,0.0500829521157,0.0499938999249,0.0499894473154,0.0501541938684,0.0503590139073,0.0502031725734,0.0503189404214,0.0504124452218,0.0505593813366,0.0506796017942,0.0505014974126,0.0506974122324,0.0506974122324,0.0503545612977,0.0501319308207,0.0504614239267,0.0504525187076,0.0503144878119,0.0501987199638,0.0503100352023,0.0506439809179,0.0502877721546,0.0501898147447,0.0504569713172,0.0505638339462,0.050488139584,0.0506484335274,0.0505415708985,0.0506350756988,0.0508577061759,0.0506706965751,0.0508933270522,0.0509334005381,0.0509155900999,0.0510180001193,0.0506484335274,0.0507152226706,0.0509601161953,0.0509066848808,0.0505860969939,0.0507508435469,0.0509378531476,0.0508309905186,0.0510046422907,0.0508799692236,0.0509334005381,0.0504925921935,0.0502298882306,0.0504792343649,0.0505059500221,0.0505193078508,0.0506306230893,0.0507285804992,0.0508087274709,0.0510269053384,0.0514543558543,0.0519352376847,0.0522825412289,0.0520020268279,0.0521311525045,0.052505171706,0.0523315199339,0.0528658330788,0.0528213069834,0.0525363399728,0.0526298447731,0.0527945913261,0.0526387499922,0.0531151792131,0.0531329896512,0.0529059065647,0.0530929161654,0.0529771483173,0.0528079491548,0.0531196318226,0.0531908735753,0.052834664812,0.05304839007,0.0528257595929,0.0530662005081,0.0530261270223,0.0529059065647,0.0526565604304,0.0528034965452,0.0528079491548,0.0527322547926,0.0530127691936,0.0529816009269,0.0531819683562,0.0531418948703,0.0531864209657,0.0533912410046,0.0533912410046,0.0534891984145,0.0536049662626,0.053872122835,0.0535515349481,0.0538899332732,0.0537875232538,0.0538320493492,0.0540502272167,0.0540457746071,0.054036869388,0.0543797203227,0.0544776777326,0.0545756351425,0.055230168745,0.0547537395241,0.055016443487,0.0549095808581,0.0549407491248,0.0549452017344,0.0550787800206,0.054851696934,0.0549852752202,0.0548427917149,0.0545444668757,0.0551767374305,0.055007538268,0.0552925052786,0.0553192209358,0.0555151357556,0.0557689344994,0.0559470388811,0.0560628067291,0.0563210580825,0.0564190154924,0.056316605473,0.0564145628829,0.05653923595,0.0565125202928,0.0561206906532,0.0561073328245,0.0560227332433,0.0558223658139,0.0558401762521,0.0561429537009,0.0559158706143,0.0559915649765,0.0559425862715,0.0558847023475,0.0563299633016,0.056432373321,0.0564902572451,0.0568242029606,0.056703982503,0.0565525937786,0.0571269804094,0.0574074948105,0.0575054522204,0.0577147248688,0.0579017344695,0.0580486705844,0.0582178697469,0.0581332701656,0.0584182371763,0.0585473628529,0.0582668484519,0.0579640710031,0.0581644384324,0.0580308601462,0.0580931966798,0.0579729762222,0.058062028413,0.0583158271568,0.0586542254819,0.0588323298636,0.05915737036,0.059371095618,0.0592108016745,0.0594646004184,0.0595180317329,0.0597139465527,0.0600167240014,0.0599321244202,0.0595981787046,0.0596961361145,0.0598029987435,0.0601725653354,0.0603328592788,0.0603417644979,0.0604397219078,0.0603061436216,0.060243807088,0.0606400893372,0.0610898029008,0.0609962981004,0.0611877603107,0.0612901703301,0.0613213385969,0.0616107582171,0.0616508317029,0.0620159456853,0.0622207657242,0.0621762396288,0.0619625143708,0.0619268934945,0.0615929477789,0.0612946229397,0.061552874293,0.061717620846,0.0616285686552,0.0618111256464,0.061601852998,0.0616196634362,0.0617220734556,0.062202955286,0.0623409861818,0.0629242780316,0.0629955197843,0.0627996049645,0.0628129627931,0.0627639840882,0.0631513611182,0.0632226028709,0.063347275938,0.0633873494239,0.0637391055776,0.0636456007772,0.0639394730069,0.064219987408,0.0644426178851,0.064821089696,0.0648433527437,0.0652975189169,0.0656759907279,0.0656581802897,0.0655023389558,0.0654622654699,0.0655557702703,0.065635917242,0.0660633677579,0.0662993560636,0.0664685552262,0.0664373869594,0.0663884082544,0.0665620600265,0.0672522145054,0.067381340182,0.0674570345442,0.0678800324506,0.0679379163746,0.067808790698,0.067973537251,0.0681649994612,0.0682139781662,0.0682852199188,0.068138283804,0.0683831773287,0.0687616491397,0.0685345660531,0.0686725969489,0.0689620165691,0.0693048675037,0.0693360357705,0.069883706744,0.0699950219825,0.0699950219825,0.0703378729172,0.0700707163447,0.070377946403,0.0704313777175,0.070320062479,0.0700751689543,0.0700662637352,0.0698436332581,0.0702666311645,0.0707074395091,0.0706896290709,0.0708989017193,0.0709968591292,0.0711037217582,0.0715801509791,0.071735992313,0.0721278219526,0.0726754929261,0.072773450336,0.073151922147,0.073472510034,0.0737485718255,0.0742294536559,0.0746969776577,0.074781577239,0.0752891747266,0.0754183004033,0.075217932974,0.0754850895464,0.0756720991471,0.0757344356807,0.0764245901596,0.0768164197992,0.0769544506949,0.0773863538204,0.0780230769847,0.0785484849106,0.0793811228947,0.0799154360396,0.0805388013753,0.0812334084637,0.0816074276651,0.0823287504108,0.0829921892323,0.0834908815009,0.0839762159409,0.0842834459992,0.0845817708384,0.085187325736,0.0856058710328,0.0857839754145,0.0860422267678,0.0860823002537,0.0865142033792,0.0868481490947,0.0870173482573,0.0872399787343,0.0878010075365,0.0878188179747,0.087689692298,0.0883620363386,0.0888117499023,0.0889052547026,0.0890165699411,0.0893015369518,0.0893104421708,0.0898046818299,0.0896844613723,0.0901297223264,0.0909044763865,0.0906016989377,0.0908376872434,0.091073675549,0.0913987160455,0.0914655051886,0.0919374818,0.0923560270968,0.0925474893071,0.0929882976516,0.0926276362788,0.0931174233283,0.0932287385668,0.0939634191411,0.094235028323,0.0945199953337,0.0946045949149,0.0944710166287,0.0950008771641,0.0950899293549,0.0954995694327,0.0963322074168,0.0966928687896,0.0970134566766,0.0972182767154,0.0977303268126,0.0982512821289,0.0989414366078,0.0991284462085,0.0994445814859,0.10017926206,0.100557733871,0.100909490025,0.100829343053,0.10163081277,0.102236367668,0.102565860774,0.103117984357,0.103683465769,0.104119821504,0.104422598953,0.104863407297,0.105366552175,0.106034443606,0.10648860978,0.106929418124,0.107423657783,0.107606214774,0.107993591804,0.10852345234,0.108697104112,0.109209154209,0.109649962554,0.109992813488,0.109943834783,0.110135296994,0.110420264004,0.110736399282,0.111190565455,0.111546774218,0.112406127859,0.112490727441,0.112824673156,0.113456943711,0.114133740361,0.114663600897,0.115242440137,0.115718869358,0.116645012142,0.116889905667,0.117272830088,0.117847216718,0.118261309406,0.118817885598,0.119530303125,0.120055711051,0.120318415013,0.120919517302,0.120959590787,0.12141820957,0.121792228772,0.122041574906,0.122313184088,0.122299826259,0.122566982832,0.123203705996,0.123760282189,0.124178827485,0.124463794496,0.12530088509,0.126182501779,0.126449658351,0.127415874622,0.12820398651,0.128653700074,0.128916404037,0.129593200687,0.130461459548,0.131458844085,0.131948631134,0.13179724241,0.132456228622,0.132803532166,0.133569381007,0.134241725048,0.13490071126,0.135568602691,0.135648749663,0.135555244862,0.136174157589,0.137113658202,0.138284694511,0.13926426861,0.139958875698,0.14071581932,0.141432689456,0.141851234753,0.142505768356,0.144024108209,0.144870104022,0.145297554538,0.145609237206,0.14556471111,0.146379538656,0.146989546163,0.147470427994,0.148512338626,0.149785784955,0.150391339853,0.151054778674,0.152301509346,0.153392398683,0.154300731029,0.154919643756,0.15556081953,0.155912575683,0.156313310542,0.156562656676,0.156633898429,0.156981201973,0.15730624247,0.157617925137,0.158490636607,0.159176338477,0.15992437688,0.160854972274,0.161589652848,0.162587037385,0.163557706265,0.164221145087,0.16486232086,0.165454517929,0.1664207342,0.166848184716,0.167498265709,0.168624775922,0.169341646059,0.169755738746,0.170793196769,0.171697076506,0.17223584226,0.173228774188,0.174212800896,0.174689230117,0.175397195034,0.175455078958,0.175851361207,0.176399032181,0.177044660564,0.17747211108,0.178821251771,0.179141839658,0.179368922745,0.180499885568,