# R script for Peak Model
#  -- generated by MACS
p <- c(0.0207821967141,0.0241069604608,0.0277661392199,0.0312363007981,0.034779161292,0.0349294057179,0.0351378092763,0.0352105081921,0.0353074400797,0.0352929002966,0.0353559060236,0.035690321036,0.0353025934854,0.0354140651562,0.0352444343528,0.0351232694932,0.0349197125291,0.0347452351313,0.0346046838942,0.0345222917897,0.0344108201189,0.0342557290986,0.0345707577335,0.0347113089706,0.0348954795572,0.0352153547865,0.0353219798629,0.0353752924011,0.0354334515337,0.0357048608191,0.0360392758316,0.0358308722731,0.0357000142248,0.0357048608191,0.0356563948753,0.0355982357427,0.0357242471967,0.0358744916225,0.0359423439439,0.0359665769158,0.0357290937911,0.0360005030765,0.0361313611248,0.0360150428596,0.0362185998237,0.0362282930125,0.036310685117,0.0361895202574,0.0363882306271,0.0363009919282,0.0362573725788,0.0361362077192,0.0360780485866,0.0360441224259,0.0359471905383,0.0359423439439,0.035690321036,0.035753326763,0.0355013038551,0.0356563948753,0.035564309582,0.0356079289315,0.0358502586506,0.0357339403854,0.0359568837271,0.0357339403854,0.0357630199517,0.035855105245,0.0359762701046,0.0358502586506,0.0361895202574,0.036310685117,0.0362912987395,0.0365239352699,0.0363930772215,0.0365966341856,0.0367420320171,0.03660148078,0.0367856513665,0.0369213560093,0.0368438104991,0.0368971230373,0.0367420320171,0.0364027704103,0.0363397646833,0.0364463897597,0.0364851625148,0.0366354069407,0.0365142420811,0.0365433216474,0.0364076170047,0.0362573725788,0.0363639976552,0.0367711115834,0.0369358957924,0.0370279810857,0.0370619072464,0.0370134413025,0.0372024584835,0.0373284699374,0.0375077939296,0.037779203215,0.0376725781386,0.0373817824756,0.0374593279858,0.0373333165318,0.0372412312385,0.0375077939296,0.0373720892869,0.0372557710217,0.0372896971824,0.0372509244273,0.0373623960981,0.0375950326285,0.037779203215,0.0377113508937,0.0377307372712,0.0376434985723,0.0376483451667,0.0376580383555,0.0376289587892,0.0373333165318,0.0374060154476,0.0373042369655,0.0369165094149,0.0366935660733,0.036664486507,0.0365336284586,0.0365093954867,0.0365433216474,0.0365675546193,0.0366451001294,0.0366935660733,0.0369407423868,0.0368244241216,0.0372751573992,0.0373720892869,0.0376968111105,0.0378955214802,0.0380748454724,0.0380990784443,0.0384044138904,0.0383656411354,0.0382638626533,0.0385788912882,0.0386418970152,0.0389714654332,0.0390053915939,0.0390053915939,0.0390102381883,0.0389133063006,0.0388696869512,0.0392380281243,0.0393834259558,0.0396112158918,0.039727534157,0.0395433635704,0.0393204202288,0.0394221987109,0.0395724431367,0.0397856932896,0.0398438524222,0.0397711535064,0.0398777785829,0.0395530567592,0.039601522703,0.0396790682132,0.0396887614019,0.0398147728559,0.0396451420525,0.0397129943738,0.0399504774986,0.0401346480851,0.0402025004065,0.0406435404954,0.040410903965,0.0405563017965,0.0407453189774,0.0407113928167,0.0410167282628,0.0412105920382,0.0412299784157,0.0409246429696,0.0409634157246,0.0409924952909,0.0408955634033,0.0410651942067,0.0412057454438,0.0413366034921,0.0411378931224,0.0411039669617,0.0411621260943,0.0414286887854,0.0417388708259,0.0416564787214,0.0420975188102,0.0420005869226,0.0420005869226,0.0420781324327,0.0424173940395,0.0424900929553,0.0426791101362,0.0427711954295,0.0425482520879,0.0425240191159,0.0426403373811,0.0429505194216,0.0429747523936,0.042892360289,0.042892360289,0.0427615022407,0.0427760420239,0.042688803325,0.0428875136947,0.0431007638475,0.0430571444981,0.0428148147789,0.0428681273171,0.0434642584262,0.0435175709644,0.0437744404667,0.0437453609004,0.0439198382982,0.0439489178645,0.0440119235915,0.0441233952623,0.0442494067163,0.0446225944838,0.0444238841141,0.0446856002107,0.0449812424681,0.0450830209501,0.0452187255929,0.0453689700187,0.0456985384368,0.0460329534492,0.0462607433852,0.0464400673774,0.0465806186145,0.0464109878111,0.0465030731043,0.0466484709358,0.0470846644303,0.0472252156674,0.047346380527,0.0472930679888,0.0477341080776,0.0478455797484,0.0481557617889,0.0484465574519,0.0487179667373,0.0490039158059,0.0490136089947,0.0492026261756,0.0491202340711,0.0493044046577,0.04920747277,0.0495176548105,0.0495321945937,0.0496824390195,0.0495467343768,0.0498036038791,0.0499829278713,0.0502688769399,0.0505645191972,0.0509716331254,0.0511703434951,0.0514465993749,0.0514514459693,0.0515919972064,0.0521929749099,0.0526097820268,0.0529248106617,0.0531380608146,0.0530750550876,0.0532059131359,0.0535209417708,0.0535597145259,0.0541461524462,0.0546405050733,0.0547859029048,0.0548343688486,0.0551154713228,0.0552608691543,0.0561768754927,0.0566809213085,0.0569668703771,0.057383677494,0.0577180925065,0.0580234279526,0.0580718938964,0.0580718938964,0.0583190702099,0.0588618887808,0.0590993719056,0.0589248945078,0.0592205367652,0.0597100427979,0.0599232929507,0.0601316965092,0.0608829186385,0.0618619307039,0.0621478797725,0.0623611299253,0.062787630231,0.063761795702,0.0642706881122,0.0648183532775,0.0654047911978,0.0663741100744,0.0668103035689,0.0674161278667,0.0679880260039,0.0686520094344,0.0689912710412,0.0692578337322,0.0701059877493,0.0703822436291,0.0710074543045,0.0709347553887,0.0711770851079,0.0711770851079,0.0712061646742,0.071647204763,0.0719283072372,0.0724226598643,0.0727037623385,0.0728297737925,0.0731884217768,0.0739347973118,0.0743903771838,0.0747877979232,0.0754517813536,0.0761448443504,0.076886373291,0.0771383961989,0.0777102943361,0.0783694311722,0.0786989995902,0.079227278378,0.0797749435432,0.0803323018973,0.0806521771265,0.0812337684525,0.0820286099313,0.0829349230809,0.0832741846877,0.0838315430418,0.0845973049543,0.0851304303364,0.0861724481287,0.0869769827963,0.0881983245808,0.088808995473,0.0894245129597,0.0900642634182,0.0906216217723,0.0912952983915,0.0916442531871,0.092453634449,0.0924100150996,0.0931273110682,0.0936071239122,0.0941063231336,0.0947121474315,0.0953082785406,0.0960110347261,0.0970191263577,0.0977897348646,0.098376172785,0.0993212586896,0.0996992930515,0.100135486546,0.10021787865,0.100222725245,0.101235663471,0.101812408202,0.102151669809,0.103019210204,0.103411784349,0.10446349533,0.105587905227,0.106314894384,0.107303599638,0.108520094828,0.109087146371,0.110177630107,0.111016090936,0.111830318792,0.112848103612,0.113327916456,0.114171223879,0.115659128355,0.11671568593,0.117718930967,0.118596164551,0.119454011756,0.120481489766,0.121077620875,0.122386201358,0.123767480757,0.124693180284,0.125652805972,0.126670590793,0.127557517565,0.128429904554,0.129452535968,0.130833815368,0.132375032381,0.133082635161,0.133717539025,0.134846795517,0.135767648449,0.136906598129,0.137812911279,0.138782230156,0.139901793458,0.140798413419,0.141825891428,0.143086005968,0.144229802242,0.144951944805,0.145708013529,0.147123219089,0.148548117837,0.149885777887,0.151078040105,0.152270302323,0.1532396212,0.154557894872,0.155643532014,0.157276834321,0.158953755977,0.160141171601,0.161726007964,0.163141213524,0.164614578217,0.165835920001,0.16769216565,0.169335161146,0.171201099983,0.17260176576,0.173857033705,0.175281932453,0.176222171764,0.177278729339,0.17876178722,0.179658407181,0.180293311045,0.180802203456,0.18174728936,0.182823233313,0.18394764321,0.184883035926,0.186719895197,0.188328964532,0.189981653217,0.191774893139,0.19384438894,0.195642475456,0.197527800671,0.199839626192,0.201831576483,0.203547270895,0.204434197667,0.206014187436,0.207288841758,0.20888337131,0.209935082292,0.211578077787,0.212581322825,0.213322851765,0.214868915373,0.216303507311,0.217791411786,0.219633117652,0.221474823517,0.223272910033,0.225153388654,0.227004787708,0.228327907975,0.229723727157,0.231138932717,0.233033951121,0.234376457765,0.23520037881,0.236412027406,0.23775453405,0.238801398436,0.240027586815,0.242475116979,0.243904862322,0.245257062154,0.246032517256,0.248271643861,0.250026111027,0.251412237021,0.252817749392,0.255216813611,0.2569518944,0.258173236185,0.260203959231,0.261977812776,0.264076388143,0.265389815221,0.267110356227,0.268448016277,