# R script for Peak Model
#  -- generated by MACS
p <- c(0.0296201006477,0.0344444846476,0.0392014889828,0.0442617018095,0.0489984922452,0.0491265136084,0.049416246167,0.0491265136084,0.0490591339436,0.0488435190162,0.0488165671503,0.0492949627704,0.0493017007369,0.0489513264799,0.0490995617424,0.0489850163123,0.0487626634184,0.0488704708821,0.0492410590385,0.0492073692061,0.0498340000888,0.0497194546586,0.0500361390832,0.0503865133402,0.0503056577424,0.0504336791056,0.050453893005,0.0508244811614,0.0512287591502,0.0513298286474,0.0510535720218,0.0511007377871,0.0511142137201,0.051323090681,0.051659989005,0.0516397751055,0.0515387056083,0.0513567805134,0.0511142137201,0.051296138815,0.0512489730497,0.051323090681,0.0515319676419,0.0517610585022,0.0518486520664,0.0522192402229,0.05268415991,0.0530277962005,0.0533444806251,0.0533983843569,0.0534927158876,0.0536544270832,0.0534590260552,0.0534388121558,0.0537824484463,0.05352640572,0.0534522880888,0.0532771009603,0.0527717534742,0.0527717534742,0.0528997748374,0.0524618070162,0.0527987053402,0.0527245877089,0.052670683977,0.0527987053402,0.0530547480664,0.0531356036642,0.0533983843569,0.0537824484463,0.0538700420105,0.0542608440664,0.0542002023681,0.0541260847368,0.0538633040441,0.0543416996642,0.0539576355748,0.0539711115078,0.0543349616977,0.0543416996642,0.0541530366027,0.0542945338988,0.0544899349267,0.054577528491,0.0546583840888,0.0544225552619,0.0542473681334,0.0542743199994,0.0539980633737,0.0537420206474,0.0540182772731,0.0536544270832,0.0536072613178,0.0536948548821,0.053876779977,0.0539239457424,0.0544697210273,0.0545034108597,0.0548335712172,0.0550896139435,0.0549481166474,0.0552176353066,0.0551098278429,0.0551300417424,0.0551637315748,0.0550694000441,0.0545707905245,0.0542002023681,0.0539239457424,0.0539711115078,0.0540991328709,0.0541328227033,0.0543012718653,0.0542675820329,0.054240630167,0.0543214857647,0.0547796674854,0.0551502556418,0.0553591326027,0.0554871539658,0.0558981699211,0.0558038383904,0.0560935709491,0.0560935709491,0.0562957099435,0.0565045869044,0.0567538916641,0.0573603086474,0.0578117524016,0.0578723940999,0.0576972069714,0.0582631961557,0.0584383832842,0.0589100409379,0.0591121799323,0.0592806290943,0.0593412707926,0.0591256558652,0.0592806290943,0.0597455487814,0.0600689711725,0.0599948535412,0.0603317518652,0.0604665111948,0.0605136769602,0.0604597732283,0.0605473667926,0.0606551742563,0.0602711101669,0.0601161369378,0.0597388108149,0.0600285433736,0.0597590247144,0.0599679016753,0.0600959230384,0.0603789176306,0.0602576342339,0.0605136769602,0.0608303613848,0.060736029854,0.0611605217423,0.061099880044,0.0612279014071,0.0610931420775,0.0612615912395,0.0615647997311,0.0622049065468,0.062474425206,0.0623261899434,0.0627372058987,0.0625754947032,0.0629326069266,0.0631886496529,0.0636333554406,0.0634918581445,0.0635659757758,0.0630875801557,0.0632492913512,0.0635996656082,0.0636737832395,0.0641117510607,0.0641589168261,0.0641252269937,0.063848970368,0.0641791307255,0.064354317854,0.0646373124462,0.0646036226138,0.0647249060104,0.0647383819434,0.0644553873512,0.0638893981669,0.0637681147702,0.0638961361333,0.0638422324015,0.0636603073065,0.0638018046026,0.0637411629043,0.06365356934,0.0640106815635,0.064354317854,0.0644756012506,0.0644419114182,0.0644419114182,0.0646710022786,0.0645025531166,0.0645564568484,0.064704692111,0.0648394514406,0.0646575263456,0.0649405209378,0.0657760287814,0.0657221250495,0.0660320715076,0.0662881142339,0.0663083281333,0.0667462959545,0.0666587023903,0.0671977397087,0.0670292905467,0.0671842637758,0.0671236220774,0.0677165631277,0.0678243705914,0.0678041566919,0.0683162421445,0.0683634079098,0.0685520709713,0.068141055016,0.068814851664,0.0687272580998,0.0689698248931,0.0691450120215,0.0693875788148,0.0694212686472,0.0696570974741,0.0696436215411,0.0701018032618,0.070344370055,0.0701489690271,0.0705532470159,0.0706543165131,0.0710788084014,0.0710518565355,0.0713078992617,0.0712876853623,0.0716313216528,0.0718469365802,0.0722983803344,0.0725948508595,0.072756562055,0.0730799844461,0.0729789149489,0.0732282197086,0.0736729254964,0.0740367756863,0.0742658665466,0.0740974173846,0.0742052248483,0.0741108933176,0.0740300377198,0.0740165617868,0.0747510001332,0.0750272567589,0.0750609465913,0.0757010534069,0.0760042618986,0.0764826575187,0.0767926039768,0.0775203043566,0.078254742703,0.0789824430829,0.0793126034404,0.0795753841332,0.0798651166918,0.079642763798,0.0799324963566,0.0802357048482,0.0804647957086,0.0802357048482,0.0800200899209,0.0797909990605,0.07944736277,0.0798449027924,0.080303084513,0.0808892875968,0.0811318543901,0.0815159184795,0.0819538863007,0.0831667202672,0.0838068270828,0.0842313189711,0.0844132440661,0.0841841532057,0.084089821675,0.0843728162672,0.0846895006918,0.0852218000437,0.0862190190828,0.0859023346582,0.0867108906359,0.0872229760884,0.0876474679766,0.0882404090269,0.08873228058,0.089224152133,0.089924900647,0.0903965583006,0.0898238311498,0.0904504620325,0.0900327081107,0.0901472535409,0.0906795528928,0.0914274671721,0.0919260766917,0.0923775204459,0.0925729214738,0.0924651140101,0.0930917448928,0.0941159157978,0.095254632133,0.0959014769151,0.0964000864346,0.0967706745911,0.0972558081776,0.0973770915743,0.0978015834626,0.0980913160212,0.0980104604234,0.0978554871944,0.0975253268369,0.0978487492279,0.0980508882223,0.0981991234849,0.0987448987698,0.098845968267,0.0986977330044,0.0997690696748,0.100557411753,0.10031484496,0.101426609429,0.101911743016,0.102046502345,0.102700085094,0.103117839016,0.103690566166,0.104323935016,0.104128533988,0.104270031284,0.105294202189,0.10500446963,0.105031421496,0.105792811708,0.105819763574,0.105994950703,0.106621581585,0.107268426367,0.107510993161,0.108205003708,0.108306073205,0.108858586457,0.109202222747,0.109000083753,0.109363933943,0.109310030211,0.109478479373,0.109660404468,0.110590243842,0.110576767909,0.11078564487,0.111196660826,0.111614414747,0.11260489582,0.113015911775,0.113837943686,0.114599333898,0.113912061317,0.113750350122,0.114188317943,0.114565644066,0.115185536982,0.115461793608,0.11585933363,0.116236659753,0.116560082144,0.11620296992,0.117274306591,0.117975055105,0.118621899887,0.119039653809,0.11899922601,0.119578691127,0.120009920982,0.120340081339,0.120346819306,0.12091280849,0.12102735392,0.120858904758,0.121182327149,0.121552915306,0.121694412602,0.12150574954,0.121768530233,0.122172808222,0.12271184554,0.122610776043,0.123877513742,0.124120080535,0.124483930725,0.124969064311,0.1253935562,0.126734411529,0.126747887462,0.127253234948,0.127927031596,0.128674945876,0.128250453987,0.12912638963,0.12937569439,0.129564357451,0.129813662211,0.129362218457,0.129651951015,0.130069704937,0.130359437496,0.130878260915,0.131167993473,0.130797405317,0.131336442635,0.131814838255,0.132502110836,0.133607137339,0.134341575686,0.135197297429,0.136133874769,0.13684136125,0.137879008088,0.139078366121,0.139240077317,0.140122750926,0.140978472669,0.141005424535,0.142063285272,0.142083499172,0.142602322591,0.142723605987,0.14333002297,0.143835370456,0.144044247417,0.144414835574,0.14455633287,0.145526600043,0.145971305831,0.146752909942,0.146503605183,0.147494086255,0.147945530009,0.148794513786,0.150175796914,0.150714834233,0.151496438345,0.151873764468,0.151631197674,0.152089379395,0.15263515468,0.153221357764,0.153834512713,0.154467881562,0.155094512445,0.155424672803,0.155923282322,0.157028308825,0.158140073294,0.159191196065,0.160532051395,0.161212586009,0.161690981629,0.163018361026,0.163658467842,0.164648948914,0.165390125227,0.165599002188,0.166138039506,0.166501889696,0.166225633071,0.16649515173,0.166933119551,0.166535579529,0.167020713115,0.167573226367,0.168631087104,0.16890734373,0.168759108467,0.169325097652,0.170632263149,0.171521674724,0.172539107663,0.173199428378,0.17323311821,0.173718251797,0.173684561964,0.174425738277,0.175557716646,0.176015898367,0.176211299395,0.176150657696,0.176130443797,0.176251727193,0.177518464892,0.17794295678,0.177895791015,