# R script for Peak Model
#  -- generated by MACS
p <- c(0.0415611478892,0.0477339155772,0.0537774106435,0.0616307224142,0.0689346255425,0.0687083984544,0.0680943535012,0.0685144895218,0.0693547615631,0.068902307387,0.0693547615631,0.0704535788479,0.0707444422468,0.0696779431175,0.0686114439881,0.0698395338946,0.0706798059359,0.0709383511794,0.0712615327338,0.0710353056457,0.0709706693349,0.0698395338946,0.0706798059359,0.0706474877805,0.0714877598218,0.0708737148685,0.0707767604022,0.0710029874903,0.0704535788479,0.0707444422468,0.0698072157392,0.0704535788479,0.0698072157392,0.0700011246718,0.0698395338946,0.0693547615631,0.0691931707859,0.0689346255425,0.0682882624338,0.0684821713664,0.0687083984544,0.0682882624338,0.067932762724,0.0680943535012,0.0673833540816,0.0669955362164,0.066672354662,0.0670278543718,0.0665107638848,0.0668016272838,0.0670278543718,0.0669308999055,0.0674803085479,0.0667693091283,0.0668662635946,0.0672540814598,0.0672217633044,0.0663814912631,0.0665430820403,0.0666400365066,0.0665754001957,0.0663814912631,0.0662845367968,0.0666400365066,0.0671571269935,0.0675126267033,0.0668662635946,0.0665754001957,0.0668016272838,0.0665754001957,0.0670924906827,0.0682559442783,0.0692578070968,0.0688699892316,0.0691931707859,0.068902307387,0.0694517160294,0.0700657609827,0.069419397874,0.0682882624338,0.0673833540816,0.0669632180609,0.065702809999,0.0657997644653,0.0656058555327,0.0659936733979,0.0657351281544,0.065929037087,0.0668016272838,0.0672863996153,0.0681913079675,0.0673833540816,0.0670601725272,0.0676418993251,0.0677711719468,0.067189445149,0.0669308999055,0.0666077183512,0.0660906278642,0.0655412192218,0.0653149921338,0.0660906278642,0.0663168549522,0.0656704918435,0.0656704918435,0.0664138094185,0.0664138094185,0.0660259915533,0.0657351281544,0.0656058555327,0.0651210832012,0.0648302198022,0.0652180376675,0.0658967189316,0.0655735373772,0.065185719512,0.0654442647555,0.0656381736881,0.0659936733979,0.0664784457294,0.066672354662,0.0660583097088,0.0663168549522,0.0657351281544,0.0659936733979,0.065702809999,0.0656381736881,0.0659936733979,0.0662522186414,0.0664138094185,0.0667369909729,0.067189445149,0.0670601725272,0.0676095811696,0.0670924906827,0.0673510359262,0.0663491731077,0.0657351281544,0.0662845367968,0.0664784457294,0.0664784457294,0.0668016272838,0.066672354662,0.0662845367968,0.0661229460196,0.065929037087,0.0667369909729,0.0672540814598,0.0672540814598,0.0668339454392,0.0667369909729,0.0672217633044,0.067189445149,0.0677065356359,0.0680297171903,0.0679004445685,0.0688699892316,0.069645624962,0.0695163523403,0.0709383511794,0.0710029874903,0.0711645782675,0.0709706693349,0.0711968964229,0.0712292145783,0.072618895262,0.072618895262,0.0722633955522,0.0730390312827,0.071875577687,0.0721018047751,0.0707767604022,0.0710999419566,0.070162715449,0.0700334428272,0.0692901252522,0.0689992618533,0.0687407166099,0.0685791258327,0.0681913079675,0.0674479903925,0.0673833540816,0.0679004445685,0.0684821713664,0.0685468076772,0.0672540814598,0.0676742174805,0.0673187177707,0.0667369909729,0.0682559442783,0.0686114439881,0.0697425794283,0.0693870797185,0.0695809886512,0.0695486704957,0.0705828514696,0.0698072157392,0.0693870797185,0.0688376710762,0.0673510359262,0.0671571269935,0.0669308999055,0.0665754001957,0.0653796284446,0.0654765829109,0.0647332653359,0.0646039927142,0.0655735373772,0.0657997644653,0.0660583097088,0.0655089010664,0.0657351281544,0.0661552641751,0.0665107638848,0.0657997644653,0.0665107638848,0.0669632180609,0.0669955362164,0.066446127574,0.0662845367968,0.0669308999055,0.0668339454392,0.0673187177707,0.0671571269935,0.0682236261229,0.0674479903925,0.0679650808794,0.0678681264131,0.068902307387,0.0698072157392,0.0704858970033,0.0704858970033,0.0699041702055,0.0705182151588,0.070388942537,0.0709383511794,0.0697748975838,0.0704535788479,0.0703566243816,0.0700334428272,0.069645624962,0.0693547615631,0.0698072157392,0.0700011246718,0.0700334428272,0.0706798059359,0.0710029874903,0.0697748975838,0.0698395338946,0.070162715449,0.0700011246718,0.0697748975838,0.0692578070968,0.0697748975838,0.0695163523403,0.0687407166099,0.0700980791381,0.0699041702055,0.0710999419566,0.0712938508892,0.0711968964229,0.0731036675936,0.0732652583707,0.0731683039044,0.0744610301218,0.0746549390544,0.0736853943914,0.0748165298316,0.0736853943914,0.0728774405055,0.073135985749,0.0713908053555,0.0710353056457,0.0713584872001,0.0712615327338,0.0721341229305,0.0720371684642,0.073362212837,0.0737177125468,0.0750104387642,0.0761415742044,0.0761415742044,0.0766263465359,0.0762385286707,0.0754628929403,0.0755275292512,0.0775312548881,0.0758830289609,0.0763031649816,0.0764970739142,0.0765940283805,0.0776282093544,0.0779190727533,0.0782745724631,0.0789209355718,0.0783715269294,0.076852573624,0.0774343004218,0.0774019822664,0.0772080733338,0.0766263465359,0.0773696641109,0.0782099361523,0.079082526349,0.0800197528566,0.082055796649,0.0829283868457,0.083768658887,0.0847705217055,0.0861602023892,0.0870974288968,0.0872267015186,0.0881316098707,0.0881639280262,0.0884224732697,0.0878407464718,0.0882608824925,0.0880669735599,0.088228564337,0.0886810185131,0.0890365182229,0.0890042000675,0.0888426092903,0.0893920179327,0.0890042000675,0.0892950634664,0.0899091084197,0.0907170623055,0.0911371983262,0.0908463349273,0.0913957435697,0.0913957435697,0.0912987891034,0.0913634254142,0.0921390611447,0.0912341527925,0.0900706991968,0.0896828813316,0.088519427736,0.0883255188033,0.087485246762,0.0881316098707,0.0886810185131,0.088745654824,0.0884224732697,0.0895212905544,0.0906524259947,0.0904908352175,0.0908463349273,0.0911048801707,0.091201834637,0.0910079257044,0.0916219706577,0.0916542888131,0.0916542888131,0.0915250161914,0.0910079257044,0.0912341527925,0.0915250161914,0.0921067429892,0.0927531060979,0.0925915153207,0.0919128340566,0.0916866069686,0.0910402438599,0.0905554715284,0.0906847441501,0.0907170623055,0.0912987891034,0.0905231533729,0.0901030173523,0.0905231533729,0.090458517062,0.0901676536631,0.0908463349273,0.0920744248338,0.0928177424088,0.0926238334762,0.092462242699,0.0926238334762,0.0918158795903,0.0910402438599,0.0907170623055,0.0915896525023,0.090975607549,0.0906847441501,0.0895212905544,0.0905554715284,0.0901676536631,0.0905231533729,0.0913311072588,0.0921390611447,0.0921390611447,0.0915896525023,0.0923329700773,0.0915573343468,0.0931086058077,0.0924945608544,0.0936256962947,0.0929146968751,0.0940458323153,0.0949830588229,0.0956294219316,0.0959849216414,0.0968898299936,0.0983441469881,0.0971160570816,0.0979240109675,0.0972776478588,0.0977947383457,0.0972130115479,0.0962111487294,0.0956617400871,0.095209285911,0.0945952409577,0.0931732421186,0.0943366957142,0.0933025147403,0.0931409239631,0.0930439694968,0.0921390611447,0.091945152212,0.0920097885229,0.0929470150305,0.0929470150305,0.0944013320251,0.0945629228023,0.0952739222218,0.0961141942631,0.0977301020349,0.0994106461175,0.100574099713,0.100961917578,0.100153963692,0.100768008646,0.101155826511,0.100574099713,0.101479008065,0.1010911902,0.0998631002936,0.100541781558,0.100671054179,0.100380190781,0.101220462822,0.101834507775,0.101705235153,0.102448552728,0.102707097972,0.103644324479,0.103999824189,0.102190007485,0.101479008065,0.102157689329,0.10222232564,0.102545507195,0.102901006904,0.102513189039,0.101899144086,0.101285099133,0.100897281267,0.103418097391,0.104840096231,0.105615731961,0.106100504292,0.107522503132,0.108233502551,0.109009138282,0.109429274302,0.109914046634,0.110657364209,0.10923536537,0.10923536537,0.109558546924,0.109461592458,0.10774873022,0.105389504873,0.105292550407,0.106197458759,0.106811503712,0.107554821287,0.108104229929,0.1070377308,0.106488322158,0.107005412645,0.1070377308,0.108427411484,0.108912183815,0.108459729639,0.107781048375,0.106908458178,0.106617594779,0.105841959049,0.105454141184,0.105389504873,0.105971231671,0.10555109565,0.105680368272,0.105260232251,0.105777322738,0.105841959049,0.106520640313,0.108362775173,0.110398818965,0.111691545183,