# R script for Peak Model
#  -- generated by MACS
p <- c(0.0400400304425,0.0468047134487,0.0534761083537,0.0601824862966,0.0668888642395,0.0669575346474,0.0669419866305,0.067040457404,0.0672529469679,0.067111719148,0.0670676664335,0.0669458736347,0.0670573010889,0.067093579795,0.0672516512998,0.0673578960817,0.0671337455052,0.0671130148161,0.0671207888245,0.0671609545347,0.0671039451395,0.0671855722281,0.0671933462365,0.0671557718624,0.066897933916,0.0667968718064,0.0668927512437,0.0670728491058,0.0669471693028,0.0671259714968,0.0671402238456,0.0671674328751,0.0672296249426,0.0675133762504,0.0676857001041,0.067773805533,0.0677802838734,0.0675898206667,0.067720683142,0.0675846379944,0.0676235080366,0.067684404436,0.0675703856456,0.067381218107,0.0673656700902,0.0674213838173,0.0676792217637,0.0678191539155,0.0678165625794,0.0677634401884,0.0679111463487,0.0678657979661,0.0678619109619,0.0678955983318,0.0678230409198,0.067881345983,0.0676960654487,0.0675392896119,0.0675354026077,0.0676118470239,0.0674848715528,0.0674991239016,0.067470619204,0.0675185589227,0.0675937076709,0.0674770975444,0.0674861672209,0.0675716813137,0.0675781596541,0.0677478921715,0.0679383553782,0.0679331727059,0.0679668600758,0.0678398846047,0.0678930069957,0.0680044344499,0.0681793496397,0.0681923063204,0.0683076207788,0.0683400124807,0.06829336843,0.0681806453077,0.0682778204132,0.0683711085144,0.0683672215102,0.0683516734933,0.0684320049138,0.0685939634228,0.0685045623259,0.0684009088801,0.0684475529307,0.0687377825789,0.0686989125367,0.068829775012,0.0689593418193,0.068937315462,0.0689567504831,0.0688336620163,0.0690642909331,0.0692858501735,0.0692249537741,0.0692482757994,0.0694465130145,0.0693039895265,0.06907983895,0.0692275451103,0.0691290743368,0.0692638238163,0.0690318992313,0.0689075150964,0.0690228295548,0.0689554548151,0.0690124642102,0.0691290743368,0.0693765469386,0.0693247202157,0.0691912664042,0.069222362438,0.069186083732,0.0692638238163,0.0691200046603,0.0692262494422,0.069169240047,0.0688816017349,0.0689321327898,0.069114821988,0.0692366147868,0.0691549876982,0.0691925620723,0.0691083436476,0.0693337898922,0.0692469801314,0.0691109349838,0.0693998689639,0.0692547541398,0.0691044566434,0.0693402682326,0.0694594696952,0.0697147163055,0.0696926899483,0.0696784375995,0.0697691343645,0.0700321549833,0.0701293300887,0.0703793940267,0.0704700907917,0.0704364034219,0.0704584297791,0.0705115521701,0.0706268666285,0.0706411189773,0.0706139099478,0.0705452395399,0.0704778648002,0.070384576699,0.0704014203839,0.0704726821279,0.0706035446032,0.0705089608339,0.070493412817,0.0705724485695,0.0708523128731,0.0706592583303,0.0707525464315,0.0708367648562,0.0709106179364,0.0709235746171,0.0710155670502,0.0712034389207,0.0715506779641,0.071548086628,0.0713304143918,0.0716180527039,0.0719445610582,0.0719989791172,0.0720378491594,0.0719821354323,0.0717048624648,0.0717528021834,0.0715986176828,0.0717722372045,0.0718616383015,0.072030075151,0.0719005083437,0.0720235968106,0.072352696501,0.0725988734348,0.0729927565288,0.073032922239,0.07330112553,0.0734449446861,0.0737688617042,0.0739683945873,0.0740448390036,0.0743130422946,0.07430267695,0.0743519123368,0.0743791213663,0.0744620441229,0.0743065639542,0.0743091552904,0.0742560328994,0.0741459011132,0.0743609820133,0.0743752343621,0.074357095009,0.0745190535181,0.0745967936024,0.074534601535,0.0746758293549,0.0747768914645,0.0750813734615,0.0752640626598,0.0752290796218,0.0751694788905,0.0752135316049,0.0752174186091,0.0752886803531,0.0754921002405,0.0756398064008,0.0760660811966,0.0760233241502,0.0759365143893,0.0760051847972,0.0762578400713,0.0765273390304,0.0767061412244,0.0767955423214,0.077182947075,0.0774317153449,0.0772295911256,0.0773034442058,0.0776765966106,0.0778851991703,0.0778035720817,0.0778592858088,0.0781870898312,0.0786172516312,0.0785719032487,0.0785252591981,0.0785822685933,0.0787105397324,0.078881567918,0.0791523625451,0.0791886412512,0.0792132589445,0.0790085433891,0.0791277448518,0.0791588408855,0.0792741553439,0.0796408294084,0.0798287012789,0.0799932511241,0.0798390666235,0.0802212887049,0.0805750060887,0.080689024879,0.0804752396471,0.0807408516019,0.0807330775935,0.0808302526989,0.0809624108423,0.0808639400688,0.0812034051038,0.0814055293231,0.0813109455538,0.0816219058912,0.0820157889852,0.0823643236967,0.0827309977612,0.0827322934293,0.0828191031901,0.0831326548637,0.0833075700534,0.0835459729788,0.0837934455806,0.0841380932879,0.0841510499686,0.0840461008547,0.0842430424017,0.0843518785198,0.0845954641174,0.0847716749753,0.0848507107277,0.0849310421482,0.085160375397,0.0849737991946,0.0853702736248,0.0855594411633,0.08574990437,0.086018107661,0.0863290679984,0.086358868364,0.0865519229068,0.0865920886171,0.0866154106424,0.0870727814719,0.0869730150304,0.0871505215563,0.0875444046503,0.0879706794461,0.0881222726106,0.0888400727227,0.0895889688686,0.0903624827079,0.0913173900772,0.0918395443104,0.0926169451539,0.0931935174461,0.0936457056034,0.0940201536763,0.0945552645903,0.0947988501879,0.0947366581204,0.0949530346885,0.0949659913692,0.0952769517066,0.0953767181482,0.0956513997795,0.095819836629,0.095909237726,0.0961735540127,0.0963614258832,0.0967177346032,0.0968524840827,0.0970818173315,0.097090887008,0.0974497870641,0.0975780582032,0.0977050336743,0.0979965589906,0.098092438428,0.0981792481889,0.0983878507485,0.0986197753335,0.0987260201154,0.0990654851504,0.0989462836877,0.0993427581179,0.0996899971613,0.100138298314,0.10027563913,0.100678591901,0.100805567372,0.10106858799,0.101335495613,0.10137825266,0.101910772237,0.101663299636,0.101844693166,0.101901702561,0.102120670465,0.102092165768,0.102286515978,0.10241996979,0.102565084614,0.102794417863,0.102895479973,0.103479826273,0.10367676782,0.103881483376,0.103906101069,0.104198922053,0.104354402222,0.104380315584,0.104735328635,0.104905061153,0.104915426497,0.10507479367,0.105130507397,0.105248413192,0.105631930942,0.105660435639,0.105983056989,0.106265512629,0.106375644415,0.106595907987,0.106943147031,0.107180254288,0.107395335188,0.107509353978,0.107667425483,0.108177918704,0.108304894175,0.108521270743,0.108685820588,0.108770039013,0.108773926017,0.108889240476,0.109138008746,0.109318106608,0.109332358956,0.109103025708,0.109239070855,0.109394551024,0.109619997268,0.11017713454,0.110437563822,0.11054639994,0.110635801037,0.110992109757,0.111387288519,0.111773397605,0.111867981374,0.112211333413,0.112460101683,0.112390135607,0.112697208941,0.112873419798,0.112952455551,0.113164945115,0.113334677632,0.113411122048,0.113556236873,0.113694873356,0.113614541936,0.113842579517,0.113872379882,0.114114669812,0.114368620754,0.114388055775,0.114577223314,0.114877818306,0.115269110064,0.115396085535,0.11569538486,0.115933787785,0.116426141653,0.116674909923,0.116691753608,0.11684464244,0.117110254395,0.11718799448,0.117151715774,0.117347361652,0.117549485872,0.117688122356,0.117918751272,0.118115692819,0.118426653157,0.118729839486,0.118790735885,0.11888143265,0.119293455097,0.119158705618,0.119303820442,0.119478735632,0.119331029471,0.119421726236,0.119881688402,0.119930923789,0.120123978332,0.120332580891,0.120431051665,0.120876761482,0.12091174452,0.121046493999,0.121103503394,0.121036128655,0.121023171974,0.12127453158,0.121233070202,0.121290079597,0.121362637009,0.121275827248,0.121299149273,0.121152738781,0.121296557937,0.121480542804,0.121477951467,0.121490908148,0.121616587951,0.121834260187,0.122057115096,0.122327909723,0.122427676165,0.122688105447,0.122711427472,0.122839698612,0.123080692873,0.122971856755,0.123085875545,0.123253016727,0.123328165475,0.123431818921,0.123732413913,0.123811449666,0.123894372423,0.123767396951,0.12382181501,0.123959155826,0.123972112507,0.123884007078,0.123814041002,0.123944903477,0.124018756557,0.123886598414,0.123841250032,0.123955268822,0.124022643562,0.124327125559,0.124325829891,0.124464466374,0.12456164148,0.124472240383,0.124147027697,0.124174236726,0.124433370341,0.124572006824,0.124432074673,