# R script for Peak Model
#  -- generated by MACS
p <- c(0.0448747128457,0.0520924852612,0.0597253372406,0.0670122895835,0.0741147621202,0.0739072223383,0.0742300619991,0.0744145418052,0.0742992419264,0.0743914818294,0.0749910411994,0.0751985809813,0.075037161151,0.0748065613933,0.0752216409571,0.0751985809813,0.0744606617567,0.0737458025079,0.0730309432591,0.0728925834045,0.0728003435014,0.0724544438649,0.0723622039618,0.0725928037195,0.0723852639376,0.0713014450764,0.0710708453188,0.0712783851007,0.0716704046887,0.0713936849795,0.0714859248826,0.0710016653915,0.0706327057792,0.0705635258518,0.0708863655126,0.0716012247614,0.0712783851007,0.0710708453188,0.0712322651491,0.0713245050522,0.071739584616,0.0731001231864,0.0737688624837,0.0736996825564,0.0732615430168,0.0732154230652,0.0742531219748,0.0743914818294,0.074529841684,0.0748526813448,0.0741839420475,0.0733537829198,0.0730309432591,0.0732846029925,0.0743223019021,0.0750141011752,0.0745759616356,0.0756597804967,0.0754522407148,0.0751063410783,0.0756136605452,0.0756597804967,0.0764668796486,0.0762593398667,0.0750832811025,0.073838042411,0.0745759616356,0.0738611023868,0.074137822096,0.0736535626048,0.0739533422898,0.0736535626048,0.0734921427745,0.0735152027502,0.0732846029925,0.0745990216113,0.0743684218537,0.0740455821929,0.074437601781,0.0750832811025,0.0744145418052,0.0752908208844,0.0743453618779,0.074437601781,0.0752447009329,0.0741147621202,0.0733537829198,0.0737919224594,0.0731001231864,0.0722930240345,0.0727542235499,0.0721546641799,0.0726850436226,0.0724313838891,0.0727311635741,0.0733076629683,0.0737688624837,0.0734690827987,0.0737458025079,0.0744145418052,0.0741147621202,0.0740455821929,0.0731923630895,0.0736074426533,0.0731001231864,0.072638923671,0.0726619836468,0.0724775038406,0.072039364301,0.0719932443495,0.0719701843737,0.0725928037195,0.0733307229441,0.0725005638164,0.0726158636953,0.0726850436226,0.0725005638164,0.0737919224594,0.0736535626048,0.0732615430168,0.0734460228229,0.0730770632106,0.0728695234287,0.0737919224594,0.0737227425321,0.0739302823141,0.074137822096,0.0738611023868,0.0744145418052,0.0747143214902,0.074737381466,0.0747143214902,0.075037161151,0.0755675405936,0.0758673202786,0.076028740109,0.0753369408359,0.0753138808602,0.0751063410783,0.0753138808602,0.0746912615144,0.0746451415629,0.0741839420475,0.0727311635741,0.0719240644222,0.0721777241556,0.0725928037195,0.071347565028,0.0711169652703,0.0711169652703,0.0715320448341,0.0713936849795,0.0722007841314,0.0731693031137,0.0738149824352,0.0736996825564,0.0738149824352,0.0748065613933,0.0744145418052,0.0746220815871,0.0745067817083,0.0741839420475,0.0731231831622,0.0730078832833,0.0719932443495,0.072246904083,0.0724775038406,0.0725697437437,0.0733307229441,0.0738841623625,0.0748526813448,0.0749449212479,0.0757520203998,0.0753369408359,0.0764207596971,0.0760056801332,0.0754753006906,0.0750141011752,0.0753830607875,0.0739533422898,0.0737919224594,0.0745529016598,0.0742761819506,0.0741147621202,0.0739072223383,0.074137822096,0.0745990216113,0.0746451415629,0.0743453618779,0.0744606617567,0.0742992419264,0.0741147621202,0.0744837217325,0.074829621369,0.0745759616356,0.0743914818294,0.0741147621202,0.0742531219748,0.0741147621202,0.0739764022656,0.073538262726,0.0730540032349,0.0721777241556,0.0728003435014,0.0727081035983,0.0719701843737,0.0718318245191,0.0711630852218,0.0710939052945,0.0721316042041,0.0720854842526,0.071739584616,0.0713014450764,0.0709324854641,0.0710247253672,0.0718087645434,0.0710939052945,0.0713706250037,0.0717626445918,0.071347565028,0.0711400252461,0.072039364301,0.0727081035983,0.0722930240345,0.0724313838891,0.0725005638164,0.073238483041,0.0730309432591,0.0725466837679,0.0723852639376,0.072638923671,0.0720163043253,0.0724313838891,0.0726158636953,0.0724775038406,0.0718318245191,0.0718087645434,0.0721777241556,0.0719240644222,0.0711630852218,0.0708863655126,0.0713245050522,0.0699870264576,0.0705174059003,0.0707249456822,0.071347565028,0.0710708453188,0.0713936849795,0.0720624242768,0.0728003435014,0.073238483041,0.0733999028714,0.0745759616356,0.0736766225806,0.0737688624837,0.0731693031137,0.0733076629683,0.0732615430168,0.0725466837679,0.0723160840103,0.0721085442283,0.072339143986,0.0722007841314,0.0727542235499,0.0729156433802,0.0728234034772,0.0731462431379,0.0734690827987,0.0736766225806,0.0733999028714,0.0733307229441,0.0725005638164,0.0729848233075,0.0727311635741,0.0726850436226,0.0732846029925,0.0730540032349,0.0725466837679,0.072938703356,0.0740455821929,0.0737919224594,0.0747835014175,0.0748065613933,0.0752908208844,0.0745067817083,0.0745759616356,0.0750602211267,0.0746220815871,0.0749679812236,0.0746220815871,0.0748757413206,0.0754061207632,0.0745759616356,0.074137822096,0.0749218612721,0.0753830607875,0.0755214206421,0.0760056801332,0.0755214206421,0.0756597804967,0.0755214206421,0.0753369408359,0.0766744194305,0.0773431587278,0.0778965981463,0.0784500375647,0.0792571367166,0.0805484953596,0.0818859739542,0.0829236728638,0.0839152518219,0.0840766716522,0.0838921918461,0.0841919715311,0.0840536116765,0.0840766716522,0.0842380914826,0.0838921918461,0.0833618124034,0.0832926324761,0.0843303313857,0.0844917512161,0.0842611514584,0.0842150315068,0.0848376508526,0.0853449703195,0.0853449703195,0.0852757903922,0.0853680302953,0.0850682506103,0.0842380914826,0.0842380914826,0.0847454109495,0.0851143705618,0.0847223509738,0.084399511313,0.0841458515795,0.084099731628,0.0840536116765,0.0844917512161,0.0847684709253,0.0850221306587,0.0857139299318,0.0861290094956,0.0863134893018,0.0860367695926,0.0864287891806,0.0868208087687,0.0863826692291,0.0858292298106,0.0863596092533,0.0863365492776,0.085898409738,0.0855063901499,0.0858522897864,0.085898409738,0.085298850368,0.0861290094956,0.0873050682598,0.0874203681387,0.087189768381,0.0872358883325,0.0870514085264,0.0874203681387,0.086889988696,0.0871436484295,0.0875587279933,0.0865440890595,0.0861520694714,0.0860598295683,0.0861059495199,0.0856678099803,0.0860367695926,0.0859675896653,0.0863826692291,0.0865210290837,0.0862673693502,0.0864749091322,0.0872589483083,0.0884350070725,0.0889192665636,0.0891268063456,0.0884350070725,0.0886425468544,0.0889192665636,0.0893112861517,0.0898647255701,0.0907410046494,0.0901645052551,0.0897724856671,0.0889423265394,0.0892190462486,0.0900953253278,0.0898186056186,0.0892190462486,0.0882735872421,0.0891268063456,0.0882505272663,0.0878354477025,0.0872820082841,0.0875356680175,0.0870744685021,0.0865210290837,0.0869361086475,0.0870514085264,0.0869591686233,0.0850451906345,0.0850682506103,0.0856447500045,0.0860598295683,0.0863134893018,0.0865210290837,0.0873742481871,0.0864287891806,0.0856447500045,0.0864287891806,0.0870744685021,0.0868669287202,0.0866593889383,0.0861290094956,0.0851374305376,0.0843072714099,0.0840074917249,0.0837768919672,0.0846531710464,0.0837077120399,0.0840074917249,0.0849529507314,0.0845148111918,0.0844686912403,0.0842380914826,0.0845609311434,0.0843303313857,0.0854372102226,0.0848837708041,0.0853680302953,0.0851604905134,0.0840766716522,0.0842842114342,0.0839613717734,0.0848145908768,0.0859445296895,0.0855063901499,0.0843533913615,0.0848145908768,0.0845378711676,0.0843533913615,0.0846070510949,0.084699290998,0.0854372102226,0.0855294501257,0.0848607108284,0.085391090271,0.0864518491564,0.0863596092533,0.0866132689868,0.0870975284779,0.0873742481871,0.0876740278721,0.0868208087687,0.0864287891806,0.0867977487929,0.0860137096168,0.0856447500045,0.0860828895441,0.0863826692291,0.0854372102226,0.0854833301741,0.085298850368,0.0862212493987,0.086290429326,0.0871436484295,0.0882274672906,0.0884580670483,0.0882966472179,0.0881352273875,0.0887578467333,0.0884580670483,0.088388887121,0.0880660474602,0.0887347867575,0.0881121674117,0.0881582873633,0.0881582873633,0.0885041869998,0.0886194868786,0.0888039666848,0.088388887121,0.0883427671694,0.0885272469756,0.0881121674117,0.0869822285991,0.0865440890595,0.0865671490352,0.0867977487929,0.0861290094956,0.0858753497622,0.0861059495199,0.085690869956,