# R script for Peak Model
#  -- generated by MACS
p <- c(0.0389156416881,0.044506185869,0.0511875679387,0.0582507432697,0.0651775638645,0.0645776030255,0.0645776030255,0.0648230415506,0.0652048348117,0.0651775638645,0.064877583445,0.0658593375451,0.0658866084923,0.0656957118617,0.0652321057589,0.0658047956506,0.0651775638645,0.0649593962867,0.0650412091283,0.0644412482894,0.0647139577617,0.0644685192367,0.0640594550283,0.0636503908199,0.0632685975588,0.0634049522949,0.0634594941894,0.0640867259755,0.0642503516589,0.0646866868144,0.0648503124978,0.0652321057589,0.0658047956506,0.0658866084923,0.0658593375451,0.0657775247034,0.0662411308062,0.0652321057589,0.0649593962867,0.0652048348117,0.0649866672339,0.0650139381811,0.0639503712394,0.0634594941894,0.0637867455561,0.0635413070311,0.0635140360838,0.0646594158672,0.0641958097644,0.0644412482894,0.0646048739728,0.0637867455561,0.0645776030255,0.0649321253395,0.0652048348117,0.0660502341756,0.0666774659618,0.0655048152312,0.0657502537562,0.06512302197,0.0652866476534,0.0651775638645,0.0653411895478,0.0650412091283,0.0652321057589,0.0645776030255,0.0641958097644,0.0649866672339,0.0656411699673,0.0656411699673,0.06512302197,0.0656957118617,0.0649593962867,0.065368460495,0.0647957706033,0.0639776421866,0.0642776226061,0.0638140165033,0.0633231394533,0.0635685779783,0.063895829345,0.0642776226061,0.0648230415506,0.065368460495,0.0658593375451,0.0664865693312,0.0668410916451,0.0666501950145,0.0673319686951,0.0675228653257,0.0678228457452,0.0679046585868,0.0682046390063,0.0676592200618,0.0672774268007,0.0672774268007,0.0668138206979,0.067441052484,0.0667592788034,0.066704736909,0.0663229436479,0.0658593375451,0.0648230415506,0.0645776030255,0.064386706395,0.0636231198727,0.0631322428227,0.0626686367199,0.062804991456,0.0624777400893,0.0626959076671,0.0627231786143,0.0635140360838,0.0633776813477,0.0639231002922,0.0644685192367,0.0648230415506,0.0648230415506,0.0650139381811,0.0656684409145,0.0653411895478,0.0660502341756,0.0657775247034,0.0659956922812,0.0661047760701,0.0664865693312,0.0660775051228,0.0666774659618,0.066704736909,0.0660502341756,0.0658320665978,0.0650139381811,0.0655866280728,0.065968421334,0.0654775442839,0.0646866868144,0.064877583445,0.0639503712394,0.063295868506,0.0636776617672,0.0643594354478,0.0656411699673,0.0644685192367,0.0637867455561,0.0632413266116,0.0641958097644,0.0638685583977,0.0641139969227,0.0652321057589,0.064877583445,0.0639503712394,0.0630231590338,0.0640867259755,0.0646866868144,0.0655866280728,0.06512302197,0.0656411699673,0.0660775051228,0.06561389902,0.0662956727006,0.0670865301701,0.0673046977479,0.0674955943785,0.0676046781674,0.0673865105896,0.0671138011173,0.0670592592229,0.0667592788034,0.0668410916451,0.0671138011173,0.0671410720646,0.0671683430118,0.0663229436479,0.0655593571256,0.0649593962867,0.0658320665978,0.0661593179645,0.066213859859,0.065368460495,0.0642230807116,0.0643594354478,0.0640321840811,0.0639503712394,0.0650139381811,0.0657775247034,0.0655320861784,0.0656411699673,0.0656684409145,0.0660502341756,0.0663229436479,0.0656957118617,0.0659956922812,0.0664047564895,0.0659956922812,0.0664047564895,0.0665138402784,0.0660775051228,0.0662956727006,0.0662684017534,0.0668410916451,0.067195613959,0.0668138206979,0.0666774659618,0.0667592788034,0.0664047564895,0.0659956922812,0.0655048152312,0.0653411895478,0.0653411895478,0.0647412287089,0.0647957706033,0.0645776030255,0.0645776030255,0.0649321253395,0.0646866868144,0.0640867259755,0.0650139381811,0.0655593571256,0.0657229828089,0.0662411308062,0.0661865889117,0.067195613959,0.0667865497507,0.0672501558535,0.0668956335396,0.0673592396424,0.0671410720646,0.0672774268007,0.0665138402784,0.0662411308062,0.065968421334,0.0654775442839,0.0660775051228,0.0645503320783,0.0651775638645,0.0652866476534,0.0655048152312,0.0650412091283,0.0653957314423,0.0658320665978,0.0649321253395,0.0643048935533,0.0646866868144,0.0650684800756,0.0654230023895,0.065968421334,0.0658866084923,0.0663229436479,0.0670047173285,0.0667320078562,0.0680682842702,0.0686409741619,0.0686409741619,0.0694318316314,0.069022767423,0.0690773093174,0.069513644473,0.0688591417397,0.0686682451091,0.0683955356369,0.0681500971118,0.0684228065841,0.0681773680591,0.0678773876396,0.0680955552174,0.0680410133229,0.0674683234313,0.0670865301701,0.0668683625923,0.0668410916451,0.0674955943785,0.0673865105896,0.0676319491146,0.0677410329035,0.067686491009,0.0677955747979,0.0679864714285,0.068777328898,0.0693772897369,0.0700590634175,0.0698136248925,0.0696499992091,0.0695409154202,0.0699499796286,0.070604482362,0.0711499013064,0.072077113512,0.071586236462,0.0716407783565,0.0718589459343,0.0723770939315,0.0732770351899,0.0742042473955,0.0747223953927,0.0742587892899,0.0737133703455,0.0728952419288,0.074995104865,0.0759223170706,0.0763041103317,0.0766859035928,0.0774767610623,0.0781039928485,0.0779130962179,0.0795766239985,0.0809674423069,0.0825218862987,0.0822764477737,0.0818946545126,0.0826036991404,0.0830127633487,0.0836127241876,0.0841308721849,0.0843763107099,0.0841036012377,0.0849217296544,0.0848671877599,0.0849490006016,0.0861216513322,0.0863670898572,0.0865034445933,0.0857671290183,0.0854126067044,0.0867761540656,0.0873761149045,0.0871306763795,0.0865307155406,0.0869943216434,0.0872943020628,0.0869943216434,0.0873761149045,0.0877579081656,0.0879760757434,0.0879760757434,0.0886033075296,0.088412410899,0.0897759582602,0.0901577515213,0.0895850616296,0.0902668353102,0.0900213967852,0.0900486677324,0.0895305197352,0.0895577906824,0.0881942433212,0.0879488047962,0.0873761149045,0.0874579277462,0.0877851791129,0.0878942629017,0.0881397014268,0.0884942237407,0.0887123913185,0.0880306176379,0.0888487460546,0.0896123325768,0.0898577711018,0.088657849424,0.0888214751074,0.0883851399518,0.0892578102629,0.0892850812102,0.0901304805741,0.0912758603575,0.0903213772047,0.0901850224685,0.089994125838,0.0905940866769,0.0900213967852,0.089394164999,0.0892032683685,0.089994125838,0.0895032487879,0.0893396231046,0.0895032487879,0.0896941454185,0.0898305001546,0.0891759974213,0.0903213772047,0.092066717827,0.0921485306686,0.0924212401409,0.0936211618187,0.0929121171909,0.0939484131854,0.093293910452,0.094384748341,0.0961846308577,0.0957482957022,0.0957482957022,0.0956937538077,0.0949574382327,0.0950392510743,0.0960210051744,0.0964300693827,0.0974118234828,0.097193655905,0.0967845916967,0.0977390748495,0.0975209072717,0.0980390552689,0.0991571641051,0.0994298735773,0.0986935580023,0.0995389573662,0.100248001994,0.101257027041,0.102893283875,0.10264784535,0.103684141344,0.104202289341,0.104911333969,0.105538565755,0.107174822589,0.107583886797,0.107692970586,0.107856596269,0.107174822589,0.107338448272,0.107638428692,0.108947434158,0.108756537528,0.107965680058,0.108102034794,0.108920163211,0.110692774781,0.110392794361,0.111347277514,0.112056322142,0.112219947825,0.111401819409,0.112110864036,0.113310785714,0.112683553928,0.112219947825,0.111456361303,0.112492657297,0.112683553928,0.113065347189,0.113065347189,0.114074372236,0.114183456025,0.114074372236,0.114565249286,0.114810687811,0.115028855389,0.115274293914,0.115247022967,0.115465190545,0.114756145917,0.113992559395,0.113310785714,0.113310785714,0.113665308028,0.114128914131,0.114019830342,0.113719849923,0.113638037081,0.112683553928,0.114401623603,0.114210726973,0.114265268867,0.114947042548,0.116010609489,0.115165210125,0.115656087175,0.116228777067,0.117510511587,0.119855813048,0.120592128623,0.122337469245,0.122419282087,0.122964701031,0.123237410504,0.12454641597,0.124028267973,0.124791854495,0.124410061234,0.124682770706,0.124082809868,0.124273706498,0.126946259326,0.128146181004,0.128664329001,0.127818929637,0.129100664157,0.128309806687,0.129891521626,0.129564270259,0.130027876362,0.130136960151,0.129018851315,0.128146181004,0.12828253574,0.129182476998,0.129809708784,0.13024604394,0.130491482465,0.13103690141,0.131500507512,0.131445965618,0.132373177823,0.132427719718,0.132782242032,0.133791267079,