# R script for Peak Model
#  -- generated by MACS
p <- c(0.0347830310233,0.0402468952395,0.0454607787399,0.0515317389801,0.0574955646279,0.0572455839121,0.0567456224806,0.0563885071723,0.056459930234,0.0558171226791,0.055031469001,0.0554600073709,0.0557814111483,0.0552457381859,0.0552457381859,0.0554957189017,0.0561742379874,0.0564956417648,0.0566027763573,0.0566027763573,0.0575669876895,0.0581383721827,0.05888831433,0.0591740065766,0.0593168526999,0.0595668334157,0.0597811026007,0.0604239101555,0.0606024678096,0.0611024292412,0.060316775563,0.0594596988232,0.0592097181075,0.0596382564774,0.0595668334157,0.0598168141315,0.059102583515,0.0591740065766,0.0593525642308,0.0590668719842,0.0598882371931,0.060316775563,0.0596382564774,0.0590668719842,0.059102583515,0.0592454296383,0.059923948724,0.0595668334157,0.0587454682067,0.0587097566759,0.0578883914669,0.0576026992203,0.0578169684053,0.0583169298368,0.0578883914669,0.0586383336143,0.0584240644293,0.0586740451451,0.059102583515,0.0593882757616,0.0596025449465,0.0598525256623,0.0604596216863,0.0597811026007,0.0606738908713,0.0595311218849,0.0597811026007,0.0588168912684,0.0580312375902,0.057067026258,0.0574955646279,0.0572812954429,0.0566384878881,0.0567099109497,0.05542429584,0.0547100652235,0.0545315075694,0.0552457381859,0.0563170841107,0.0569956031963,0.0569956031963,0.0564956417648,0.0563170841107,0.0564242187031,0.0564242187031,0.0562813725798,0.0557456996175,0.0550671805318,0.0537815654221,0.0534244501138,0.0533173155214,0.052995911744,0.0530316232748,0.0535672962371,0.0537101423604,0.0544600845078,0.0544957960386,0.0553171612476,0.0565670648264,0.057067026258,0.0557456996175,0.0559242572716,0.0554957189017,0.0546743536927,0.0545315075694,0.0549600459393,0.0546386421619,0.054210103792,0.0538172769529,0.0532101809289,0.0537458538913,0.0540672576687,0.0540315461379,0.0544243729769,0.0538529884837,0.0530673348056,0.0529244886823,0.0533173155214,0.0532458924597,0.0531387578673,0.0534958731755,0.0534244501138,0.0541743922612,0.0533530270522,0.0539244115454,0.0544957960386,0.0553171612476,0.0553171612476,0.0547814882852,0.0555671419633,0.0563527956415,0.056459930234,0.056459930234,0.0563527956415,0.0562099495182,0.0561028149257,0.0557814111483,0.0559956803332,0.056852757073,0.0565313532956,0.0563885071723,0.0562099495182,0.0566027763573,0.0581383721827,0.0586026220834,0.058495487491,0.0591740065766,0.0592097181075,0.0580669491211,0.058281218306,0.0575312761587,0.0579955260594,0.0578169684053,0.0578526799361,0.0584597759601,0.0594596988232,0.057674122282,0.0569598916655,0.0582097952444,0.0583526413677,0.0579955260594,0.0578883914669,0.0577812568745,0.057067026258,0.0578883914669,0.0580312375902,0.059102583515,0.059709679539,0.0595311218849,0.0594596988232,0.0609595831179,0.060316775563,0.060531044748,0.0609952946487,0.0593882757616,0.0588168912684,0.0584597759601,0.0586383336143,0.0579598145286,0.0576384107512,0.0571741608504,0.0579241029978,0.0567813340114,0.0567099109497,0.056852757073,0.0566027763573,0.0576026992203,0.0574241415662,0.0582455067752,0.0575312761587,0.0575669876895,0.0573527185046,0.0578169684053,0.0569598916655,0.0573884300354,0.0571384493196,0.0570313147271,0.0563885071723,0.0563885071723,0.0572455839121,0.0572098723813,0.0573170069737,0.0578169684053,0.0575312761587,0.0572812954429,0.057674122282,0.0575669876895,0.0576026992203,0.0577455453436,0.0582455067752,0.0579598145286,0.0578526799361,0.05888831433,0.0597453910698,0.0596739680082,0.0597811026007,0.0590311604533,0.0598525256623,0.0593525642308,0.0591382950458,0.0589954489225,0.059923948724,0.0585669105526,0.0587811797376,0.0591740065766,0.0587811797376,0.0590311604533,0.0592097181075,0.0600667948473,0.0603524870939,0.0600310833164,0.0596739680082,0.0602453525014,0.0598882371931,0.0593168526999,0.0602096409706,0.0602096409706,0.0600667948473,0.0596025449465,0.0586740451451,0.0586026220834,0.0578883914669,0.0578169684053,0.0573884300354,0.0580312375902,0.0581383721827,0.0582455067752,0.0581383721827,0.0577098338128,0.0584240644293,0.0589597373917,0.0591740065766,0.0594596988232,0.0603524870939,0.0612452753645,0.0602096409706,0.0603524870939,0.0604239101555,0.0613524099569,0.0619237944501,0.0624951789433,0.0624951789433,0.0616023906727,0.0612809868953,0.0598882371931,0.0607453139329,0.061959505981,0.0615666791419,0.060316775563,0.0601025063781,0.0600667948473,0.061138140772,0.0620666405734,0.0622451982276,0.0630308519057,0.0619237944501,0.0612809868953,0.060923871587,0.0627451596591,0.0637093709914,0.0636736594606,0.0632094095598,0.0631022749674,0.0627094481283,0.0632451210907,0.0641379093613,0.0641379093613,0.0652449668168,0.0646735823236,0.0630308519057,0.063173698029,0.0628165827208,0.0635308133373,0.0644236016079,0.0642807554846,0.0650664091627,0.0661377550875,0.06581635131,0.0657806397792,0.0661734666183,0.066637716519,0.0670662548889,0.0676019278513,0.0684590045911,0.0690303890843,0.0700660234782,0.0702088696015,0.0719230230811,0.0736371765607,0.0745299648313,0.0750656377937,0.0761369837184,0.0768155028041,0.0768869258657,0.0783153870987,0.0780296948521,0.0784225216912,0.0782796755679,0.0778868487288,0.0791724638385,0.0801009636399,0.0806366366023,0.0812437326263,0.0824936362052,0.0818151171195,0.0823865016127,0.0834935590683,0.0836006936608,0.0838863859074,0.0834935590683,0.0838149628457,0.0842077896848,0.0827079053902,0.0827079053902,0.0828864630443,0.0828507515135,0.0818865401812,0.0828150399826,0.0828150399826,0.0836006936608,0.0829935976368,0.0831364437601,0.0844220588697,0.084779174178,0.0858148085719,0.0866004622501,0.0869575775583,0.0869575775583,0.0871718467433,0.0872432698049,0.0875646735823,0.0884574618529,0.0886003079762,0.0884217503221,0.0880646350139,0.0876718081748,0.0877789427673,0.0876003851131,0.087636096644,0.0871361352124,0.0879932119522,0.0879217888906,0.0886003079762,0.0889574232845,0.088850288692,0.0883860387913,0.0888145771612,0.0887431540995,0.0885288849146,0.0891716924694,0.0894930962469,0.0887788656304,0.0891716924694,0.0887074425687,0.0884931733838,0.0889574232845,0.0887788656304,0.0895288077777,0.0909572690107,0.0913143843189,0.0907787113566,0.0912429612573,0.0907429998257,0.0910286920723,0.0918500572813,0.0922071725895,0.0925642878978,0.0918500572813,0.090885845949,0.0906715767641,0.0909572690107,0.0919571918738,0.092921403206,0.0935642107609,0.0940284606616,0.0942427298466,0.0937070568842,0.0937070568842,0.0948855374014,0.0965639793502,0.0976710368057,0.0977424598674,0.0973139214975,0.0982781328298,0.0979567290523,0.0987423827305,0.0999208632477,0.101063632234,0.102527804998,0.101277901419,0.100813651518,0.100599382333,0.100277978556,0.100992209172,0.102027843566,0.101920708974,0.103170612553,0.104563362255,0.104134823885,0.10567041971,0.104991900625,0.105027612156,0.106170381142,0.104813342971,0.105277592871,0.105527573587,0.105491862056,0.104884766032,0.104920477563,0.104384804601,0.10567041971,0.10738457319,0.107277438598,0.108205938399,0.108705899831,0.109455841978,0.110241495656,0.110884303211,0.110598610964,0.111955649136,0.11213420679,0.111812803012,0.113669802615,0.112419899036,0.111669956889,0.111812803012,0.111598533827,0.111634245358,0.112848437406,0.112669879752,0.114598302417,0.114776860071,0.114812571602,0.117455224883,0.118526570807,0.118669416931,0.120062166633,0.121026377965,0.120240724287,0.121026377965,0.120169301225,0.120883531842,0.120776397249,0.122062012359,0.123133358284,0.124240415739,0.125418896257,0.126133126873,0.128204395661,0.129490010771,0.130632779757,0.132346933237,0.133882529062,0.134025375185,0.135025298048,0.13681087459,0.137560816737,0.138846431847,0.140024912364,0.139060701032,0.140096335426,0.140096335426,0.140382027672,0.140632008388,0.142274738806,0.142703277176,0.143238950138,0.144774545964,0.146024449542,0.147845737615,0.150309833241,0.151452602228,0.153523871016,0.155559428273,0.155737985927,0.156095101235,0.156666485728,0.157095024098,0.157666408591,0.158987735232,0.157844966245,0.158737754516,0.158166370023,0.158452062269,0.160951869427,