# R script for Peak Model
#  -- generated by MACS
p <- c(0.0264956395088,0.0308574136048,0.0353731326689,0.0395724092986,0.0435664259709,0.043720370939,0.0435920834655,0.0435835309673,0.0439769458858,0.0438315534159,0.0436519509531,0.0437374759354,0.0434723484904,0.0436776084478,0.044096680861,0.0439256308964,0.0439769458858,0.0441308908539,0.0436947134443,0.0435749784691,0.0436519509531,0.0435236634797,0.043797343423,0.0434809009886,0.0436262934585,0.0438230009177,0.0442249683344,0.0440197083769,0.0440624708681,0.0439598408893,0.0441651008468,0.0443960182989,0.0444558857865,0.0449775881784,0.0449690356802,0.0450545606624,0.044738118228,0.0451742956376,0.045413765588,0.0455848155525,0.0455078430685,0.0454821855738,0.0454565280791,0.0455078430685,0.045490738072,0.0458157330047,0.0458841529905,0.0452341631252,0.0452085056305,0.045225610627,0.0452512681217,0.0452427156234,0.0451657431394,0.0451657431394,0.0450545606624,0.0448664057014,0.0444302282918,0.0450460081642,0.0448150907121,0.0449433781855,0.0450117981713,0.045037455666,0.0449006156943,0.0447552232245,0.0449433781855,0.0449861406766,0.0452683731181,0.0451657431394,0.0453367931039,0.0450887706554,0.0450117981713,0.045302583111,0.0456446830401,0.0457216555242,0.0455506055596,0.0454736330756,0.0458413904994,0.0456104730472,0.0456446830401,0.0459354679799,0.046277567909,0.0459098104852,0.0459354679799,0.0459867829692,0.045978230471,0.0461150704427,0.045678893033,0.0458413904994,0.0457644180153,0.0462262529196,0.0459953354675,0.0462005954249,0.0463459878948,0.046542695354,0.0465769053469,0.0467222978168,0.0469703202654,0.047295315198,0.0472268952122,0.0467222978168,0.0467394028133,0.0468762427849,0.0466025628416,0.0464315128771,0.0468334802938,0.046542695354,0.0465683528487,0.0467394028133,0.0470986077388,0.0470729502441,0.047517680152,0.0475518901449,0.0476801776183,0.0472611052051,0.0470558452477,0.0470216352548,0.0470216352548,0.0470900552406,0.0472268952122,0.047406497675,0.0473380776892,0.0474407076679,0.0473209726927,0.0476801776183,0.0476459676254,0.0476459676254,0.0478170175899,0.047705835113,0.0474236026715,0.0474578126644,0.0471584752264,0.0472268952122,0.0475689951413,0.0478768850775,0.0482531949995,0.0488775273701,0.0490143673418,0.0486038474269,0.049099892324,0.0495446222319,0.0496729097053,0.0496558047088,0.0498097496769,0.0501432971078,0.0500064571362,0.0495617272283,0.0496044897195,0.0498011971787,0.0494762022461,0.0493051522815,0.0496643572071,0.0494077822602,0.0498525121681,0.0498011971787,0.0501176396131,0.050750524482,0.0510840719128,0.0513577518561,0.0516399842976,0.0519051117427,0.0521103717001,0.0525294441133,0.0521531341913,0.0519820842267,0.0516314317994,0.0514261718419,0.0513320943614,0.0512893318703,0.0516228793012,0.0516827467888,0.0518366917568,0.0520761617072,0.0519478742338,0.052366946647,0.0529057540353,0.0531366714874,0.0531024614945,0.0534360089254,0.0534531139218,0.0531623289821,0.0526577315867,0.0524268141345,0.0527347040707,0.0523754991452,0.0523840516434,0.0524866816221,0.0522643166682,0.0518709017498,0.0514603818348,0.0519393217356,0.0521702391877,0.052520891615,0.0522728691664,0.0524695766257,0.0525893116009,0.0522899741629,0.0524695766257,0.0528544390459,0.0531708814803,0.0529827265193,0.0533504839431,0.0534189039289,0.0534017989325,0.0536070588899,0.0536925838722,0.0538550813385,0.0541971812676,0.054060341296,0.0543938887269,0.0546675686701,0.0547701986489,0.054547833695,0.0551721660656,0.0553945310195,0.0554030835177,0.0552576910478,0.0555484759876,0.0558991284149,0.0555741334823,0.0555826859805,0.0554715035035,0.0555741334823,0.0554372935106,0.0554543985071,0.0557280784504,0.0563182008281,0.0559675484007,0.0561129408706,0.0570109531845,0.0572504231348,0.0575925230639,0.0579859379824,0.0577892305232,0.0580201479753,0.0578662030072,0.0580885679611,0.0583793529009,0.0586359278477,0.0581997504381,0.0580372529718,0.0577122580391,0.057857650509,0.0581398829505,0.057934622993,0.0582510654275,0.0581142254558,0.0581484354487,0.0580800154629,0.0579602804877,0.0585846128583,0.058909607791,0.0588069778123,0.0589523702821,0.0596109126456,0.0597392001191,0.0601155100411,0.0604832674648,0.0607227374152,0.0613128597929,0.0612102298142,0.0613470697858,0.0616378547256,0.0622023196086,0.062219424605,0.0621937671103,0.0623904745696,0.0626898120075,0.0623477120784,0.0625529720359,0.0626128395235,0.0627411269969,0.0632115143994,0.063271381887,0.06316019941,0.0636220343143,0.0638101892753,0.0643062341725,0.06518714149,0.0653838489492,0.0656831863872,0.0660081813198,0.0658029213623,0.0659483138322,0.0661022588003,0.0662390987719,0.0661535737897,0.0656831863872,0.0655121364226,0.0658456838535,0.0664015962383,0.0669746136195,0.0674278960256,0.0679495984174,0.0683943283253,0.0686765607668,0.0693351031303,0.0694804956002,0.0700620654796,0.0702160104477,0.0699765404974,0.0699081205115,0.0704383754016,0.0707377128396,0.0714475701925,0.0715502001712,0.072217295033,0.0735429322582,0.0745606795473,0.0748429119888,0.0753902718754,0.0767244615989,0.076844196574,0.0776481314074,0.078272463778,0.0789908736291,0.0792816585689,0.07932442106,0.0792560010742,0.0799829634235,0.0807184782711,0.0803336158509,0.0808553182427,0.0805217708119,0.0802566433668,0.0805901907977,0.0807441357658,0.0810092632108,0.0809921582144,0.081428335624,0.0817020155673,0.0823862154255,0.0830105477961,0.0834467252057,0.0838486926224,0.0839171126082,0.0845585499752,0.0850888048653,0.0859098446952,0.0858072147165,0.0865512820622,0.0868848294931,0.0874663993726,0.0880992842414,0.0883815166829,0.0892282140075,0.0896558389188,0.0902203038018,0.0906906912044,0.0916571235041,0.0920077759314,0.092709080786,0.0926150033055,0.0937268280751,0.0945222104103,0.0944537904245,0.0946761553784,0.0946590503819,0.095001150311,0.0951037802897,0.0952235152649,0.0950439128021,0.0955912726887,0.095377460233,0.0957623226533,0.096916909914,0.0970965123767,0.0976353197651,0.0982596521357,0.0990806919655,0.0996964718379,0.100235279226,0.101261579014,0.102330641292,0.102758266203,0.102706951214,0.103365493578,0.104186533407,0.104579948326,0.104545738333,0.104785208283,0.105640458106,0.105674668099,0.105939795544,0.10639307795,0.107650295189,0.108112130094,0.108984484913,0.108881854934,0.109146982379,0.109643027276,0.110361437128,0.111139714466,0.111225239449,0.112080489271,0.112525219179,0.113217971536,0.113260734027,0.114235718825,0.115869245986,0.116929755766,0.117220540706,0.118075790529,0.11893959285,0.119367217761,0.119811947669,0.120590225008,0.121616524795,0.122728349565,0.122967819515,0.1235237319,0.12443884921,0.124951999104,0.125473701496,0.126269083831,0.126799338721,0.127654588544,0.128313130907,0.128937463278,0.129578900645,0.130331520489,0.131374925273,0.131999257643,0.132991347438,0.133957779737,0.135172234486,0.136121561789,0.136540634202,0.137772193947,0.138593233777,0.139234671144,0.139499798589,0.140432020895,0.141347138206,0.142895140385,0.143767495204,0.144049727646,0.144853662479,0.145349707376,0.146606924616,0.147727301884,0.148505579222,0.149223989073,0.150703571267,0.150404233829,0.15068646627,0.152097628478,0.153072613276,0.153756813134,0.154825875412,0.155518627769,0.156827159998,0.158161349721,0.158879759572,0.159897506861,0.162069841411,0.162429046337,0.163754683562,0.164396120929,0.164704010865,0.165738863151,0.166910555408,0.167868435209,0.168646712548,0.170126294741,0.170040769759,0.170913124578,0.171888109376,0.173342034075,0.174838721265,0.175933441038,0.176609088398,0.177421575729,0.178071565595,0.17915773287,0.180808365027,0.182125449755,0.183485296973,0.184759619209,0.185785918996,0.186136571423,0.1872141862,0.188214828492,0.189497703227,0.190566765505,0.19141346283,0.192362790133,0.193072647486,0.193423299913,0.194039079785,0.196211414335,0.197100874151,0.198075858949,0.198340986394,0.199093606238,0.200008723548,0.201667908204,0.202300793073,0.203797480263,0.204558652605,0.204704045075,0.205593504891,0.206474412208,0.208475696793,0.209082924168,0.209972383983,0.210562506361,0.211161181237,0.211708541123,