# R script for Peak Model
#  -- generated by MACS
p <- c(0.0400103741835,0.0467141593954,0.0532662752586,0.0603947346469,0.0668861827707,0.0661278360272,0.066613177943,0.0679478682115,0.0674625262957,0.0677051972536,0.0671288537286,0.0673411908167,0.0674625262957,0.0674928601654,0.0681602052996,0.0685242117365,0.0672501892075,0.0659154989391,0.066613177943,0.0671591875983,0.0675838617746,0.0668558489009,0.0672501892075,0.0668558489009,0.066158169897,0.066158169897,0.0675231940351,0.0676445295141,0.067310856947,0.0658851650693,0.0664918424641,0.066734513422,0.0666435118128,0.0669771843799,0.067189521468,0.0680388698207,0.0674928601654,0.0670985198588,0.0672805230772,0.0680692036904,0.0677961988628,0.0680692036904,0.0678265327325,0.0675535279049,0.0679782020812,0.0672501892075,0.0682815407786,0.0694948955681,0.0697679003957,0.0698285681352,0.0696465649168,0.0692522246102,0.0699499036141,0.0694948955681,0.069161223001,0.0700409052233,0.0691915568707,0.0686152133457,0.0687972165641,0.0692522246102,0.0685242117365,0.0692825584799,0.0687062149549,0.069737566526,0.0698589020049,0.0692825584799,0.069039887522,0.0694645616983,0.0692825584799,0.0684332101273,0.0687365488246,0.0689488859128,0.0686455472154,0.0682815407786,0.0683118746483,0.0680085359509,0.0679478682115,0.0681602052996,0.0681298714299,0.0684332101273,0.0695555633075,0.0691308891312,0.0697679003957,0.0694645616983,0.0704655793997,0.0706779164878,0.0712542600128,0.0709812551852,0.0709509213155,0.0714059293615,0.0707082503576,0.0705869148786,0.0703442439207,0.0704049116602,0.0695858971773,0.0696465649168,0.0694645616983,0.0699195697444,0.0697982342654,0.0697679003957,0.0699195697444,0.0705262471391,0.070890253576,0.0708599197062,0.0699802374839,0.0704959132694,0.069737566526,0.0690702213917,0.068463543997,0.0684938778667,0.0683422085181,0.0677355311233,0.0679175343417,0.0678265327325,0.0677961988628,0.0677051972536,0.0686152133457,0.0695858971773,0.0707385842273,0.0701015729628,0.070192574572,0.0689488859128,0.0688882181733,0.068463543997,0.0692522246102,0.0683422085181,0.0683422085181,0.0675535279049,0.067189521468,0.067189521468,0.0668861827707,0.0675231940351,0.0663401731154,0.0674625262957,0.0667648472917,0.0667041795522,0.0658548311996,0.0657638295904,0.0653088215443,0.0650964844562,0.0656121602417,0.0661278360272,0.0660671682878,0.0652178199351,0.0662491715062,0.0669468505101,0.0676141956444,0.0670985198588,0.0675231940351,0.0676445295141,0.0671288537286,0.0670985198588,0.067887200472,0.0682512069088,0.0675535279049,0.0664615085943,0.0670075182496,0.0673715246865,0.0681905391694,0.0688275504339,0.0690702213917,0.0690702213917,0.0693128923496,0.0700105713536,0.0700712390931,0.0713149277523,0.0714362632313,0.0716182664497,0.0710419229247,0.0705262471391,0.0705262471391,0.070890253576,0.070890253576,0.0704959132694,0.0714059293615,0.0713149277523,0.0704655793997,0.0702229084418,0.070313910051,0.0713149277523,0.0717396019286,0.0715879325799,0.0709205874457,0.0703745777905,0.0690095536523,0.0687062149549,0.0691308891312,0.0689185520431,0.0687972165641,0.067887200472,0.0677051972536,0.068584879476,0.068584879476,0.0693735600891,0.0702835761812,0.0700105713536,0.0699499036141,0.0699802374839,0.0706779164878,0.0707992519668,0.0711329245339,0.0700712390931,0.0705565810089,0.0698589020049,0.0705565810089,0.0706779164878,0.0704655793997,0.0705565810089,0.0698892358747,0.0703745777905,0.0691005552615,0.0692218907404,0.0689185520431,0.0693432262194,0.0680085359509,0.0683725423878,0.0680085359509,0.0687062149549,0.0677961988628,0.0674018585562,0.0677355311233,0.0674928601654,0.0674928601654,0.0675535279049,0.0689185520431,0.0691915568707,0.0696465649168,0.0687668826944,0.069161223001,0.0691005552615,0.0695252294378,0.0697679003957,0.0700712390931,0.0698589020049,0.0690702213917,0.0688275504339,0.0687668826944,0.0690095536523,0.069039887522,0.0688882181733,0.069039887522,0.0694038939589,0.0689488859128,0.0694342278286,0.0695858971773,0.0704352455299,0.0701622407023,0.0702229084418,0.0706779164878,0.0710722567944,0.0721036083655,0.0723159454536,0.0728619551089,0.0729529567181,0.072619284151,0.0721036083655,0.0731652938063,0.0732866292852,0.0728012873694,0.0728012873694,0.071466597101,0.0712845938826,0.0710722567944,0.0709812551852,0.0710115890549,0.0701015729628,0.069161223001,0.0694948955681,0.0702229084418,0.0701015729628,0.0707992519668,0.0714059293615,0.0716486003194,0.0711632584036,0.0710115890549,0.0719822728865,0.0727709534997,0.0726799518905,0.0732866292852,0.0740449760287,0.0733472970247,0.0729832905879,0.0734989663734,0.0745606518142,0.0747123211629,0.0753189985576,0.0755616695155,0.0756830049945,0.0756526711247,0.0754100001668,0.0770176952629,0.0770480291326,0.0768356920445,0.0765323533471,0.0778063758761,0.0770480291326,0.0765626872169,0.0764413517379,0.0755313356458,0.0759256759524,0.0751673292089,0.0758346743432,0.0768053581748,0.0775940387879,0.077927711355,0.0801724177156,0.0819014482906,0.0830238014709,0.0849651691341,0.085662848138,0.0869065367973,0.0874828803223,0.0881805593262,0.0885748996328,0.0891209092881,0.0881502254565,0.0883322286749,0.0886962351118,0.0886962351118,0.0894849157249,0.0894849157249,0.0899095899012,0.0895455834644,0.0892725786368,0.0895455834644,0.0892725786368,0.0892725786368,0.0891209092881,0.0885445657631,0.0879985561078,0.0881198915867,0.0884838980236,0.0885142318933,0.0887569028512,0.0888479044604,0.0898489221618,0.0900612592499,0.0904859334263,0.0913049479092,0.0914262833881,0.0922756317408,0.0927306397868,0.0923969672197,0.0923969672197,0.0919419591736,0.0923059656105,0.0919722930434,0.0917296220855,0.0914566172578,0.0910016092118,0.0900915931197,0.0884232302841,0.0887265689815,0.0888479044604,0.0887569028512,0.0879378883683,0.0881198915867,0.0875738819315,0.0876042158012,0.0882412270657,0.0881805593262,0.0891512431578,0.0891815770276,0.088089557717,0.0883928964144,0.0881502254565,0.0873312109736,0.0873312109736,0.0862088577933,0.0862088577933,0.0858751852262,0.0856021803986,0.0861481900538,0.0867852013183,0.0861178561841,0.0858751852262,0.0870278722762,0.087513214192,0.0876042158012,0.0872402093644,0.0873312109736,0.0873312109736,0.0868762029275,0.0867245335788,0.0873312109736,0.0872098754946,0.0865121964907,0.0864818626209,0.0869065367973,0.086936870667,0.0872402093644,0.0880592238473,0.0881502254565,0.0888175705907,0.0880288899775,0.0886052335025,0.0882715609354,0.088210893196,0.0881502254565,0.088089557717,0.0880288899775,0.0876952174104,0.088210893196,0.0883018948052,0.0894242479855,0.0900309253802,0.0908196059934,0.0910016092118,0.0923362994802,0.0931553139631,0.094095663925,0.0934586526605,0.0931553139631,0.0926396381776,0.0919722930434,0.0921239623921,0.0920936285223,0.0923059656105,0.0914262833881,0.0911229446907,0.091092610821,0.0920632946526,0.092821641396,0.0940046623158,0.0949753461474,0.0952786848447,0.0950966816263,0.0962493686763,0.0962493686763,0.0961583670671,0.0957033590211,0.0955213558026,0.0947326751895,0.0940046623158,0.0941563316645,0.0930339784842,0.0934586526605,0.0925183026987,0.0928823091355,0.0927609736566,0.0926699720473,0.0920632946526,0.0924273010894,0.092821641396,0.0930036446144,0.0931856478329,0.0920329607829,0.0924576349592,0.0926396381776,0.0924879688289,0.0922149640013,0.0920026269131,0.0917599559552,0.091790289825,0.0916082866065,0.0921239623921,0.0933676510513,0.0936406558789,0.0935193204,0.0940349961855,0.0957640267605,0.095369686454,0.0957033590211,0.0960066977184,0.0958246945,0.0961583670671,0.0960066977184,0.0963707041553,0.0968560460711,0.0974930573356,0.0960673654579,0.0975840589448,0.0978267299027,0.0977660621632,0.0980390669908,0.0986760782553,0.0993434233895,0.0990097508224,0.0985547427764,0.0986457443856,0.0986760782553,0.0986760782553,0.0991614201711,0.0992220879106,0.0984637411672,0.0992827556501,0.099525426608,0.0992524217803,0.0994950927382,0.0991917540409,0.0996467620869,0.0997377636961,0.0985244089066,0.0986457443856,0.099404091129,0.0979177315119,0.097553725075,0.0981604024698,0.0986760782553,