# R script for Peak Model
#  -- generated by MACS
p <- c(0.0257303652142,0.03009116793,0.0344356787302,0.0385955478214,0.0427771394666,0.0427988620206,0.0428151539361,0.0430486713916,0.0429563505371,0.0427934313821,0.0426196509501,0.0425924977576,0.0424730237105,0.0425924977576,0.0426685266966,0.0427499862741,0.0428368764901,0.0426250815886,0.0427119718046,0.0429237667061,0.0431301309691,0.0431464228846,0.0432604662931,0.0433039114011,0.0434179548096,0.0434233854481,0.0434016628941,0.0432550356546,0.0435211369411,0.0434668305561,0.0432876194856,0.0432550356546,0.0433636484246,0.0433473565091,0.0433962322556,0.0433256339551,0.0433473565091,0.0431952986311,0.0430052262836,0.0429237667061,0.0431192696921,0.0428477377671,0.0424078560485,0.042445870518,0.042369841579,0.042445870518,0.0424513011565,0.0426250815886,0.0428368764901,0.0430703939456,0.0429889343681,0.0433093420396,0.0437492237581,0.0439175735516,0.0440370475986,0.0440098944061,0.0442162586691,0.0444932212326,0.0444497761246,0.0442379812231,0.0441782441996,0.0443846084626,0.0441999667536,0.0441673829226,0.0440424782371,0.0441130765376,0.0441619522841,0.0442053973921,0.0442977182466,0.0444117616551,0.0446452791107,0.0447213080497,0.0449765480592,0.0450145625287,0.0453947072237,0.0453458314772,0.0454272910547,0.0455087506322,0.0453729846697,0.0453838459467,0.0456662391487,0.0456771004257,0.0456608085102,0.0458291583037,0.0455467651017,0.0457422680877,0.0456933923412,0.0456173634022,0.0458182970267,0.0460463838437,0.0459323404352,0.0461169821442,0.0464265285387,0.0464210979002,0.0465188493932,0.0465460025857,0.0469695923888,0.0470510519663,0.0470076068583,0.0471488034593,0.0472845694218,0.0474474885768,0.0474692111308,0.0475343787928,0.0476484222013,0.0477841881638,0.0475669626238,0.0476158383703,0.0477244511403,0.0475180868773,0.0473714596378,0.0470999277128,0.0472194017598,0.0472574162293,0.0473551677223,0.0474311966613,0.0474203353843,0.0477678962483,0.0478330639103,0.0480883039198,0.0483544052063,0.0485933533003,0.0483924196758,0.0484793098918,0.0484412954223,0.0486422290468,0.0488431626714,0.0487779950094,0.0490658188499,0.0492233073664,0.0491581397044,0.0492178767279,0.0494894086529,0.0493590733289,0.0496849116389,0.0497337873854,0.0498478307939,0.0498967065404,0.0498749839864,0.0500270418644,0.0502008222964,0.0501682384654,0.0504126171979,0.0506135508224,0.0509285278555,0.050955681048,0.0512217823345,0.051422715959,0.051444438513,0.051194629142,0.051281519358,0.051542190006,0.0514064240435,0.051715970438,0.0518408751235,0.0518951815085,0.0517214010765,0.0516670946915,0.0519820717245,0.052139560241,0.052302479396,0.05199836364,0.0520363781095,0.0521667134335,0.0517431236305,0.0519060427855,0.051976641086,0.0521884359875,0.051954918532,0.0523296325885,0.052454537274,0.0529215721851,0.0528618351615,0.052812959415,0.0533343007111,0.0534754973121,0.0537959049836,0.0540076998851,0.0545996394816,0.0546376539511,0.0547625586366,0.0546865296976,0.0549200471531,0.0549472003456,0.0549472003456,0.0551970097167,0.0550558131157,0.0549797841767,0.0548060037446,0.0550612437542,0.0548385875756,0.0550015067307,0.0550721050312,0.0556586139892,0.0558541169752,0.0562234003932,0.0566198370037,0.0573692651168,0.0575213229948,0.0578471613048,0.0580209417368,0.0580535255678,0.0579557740748,0.0575919212953,0.0576136438493,0.0575050310793,0.0574072795863,0.0572552217083,0.0571357476613,0.0569185221212,0.0571466089383,0.0573584038398,0.0579286208823,0.0581621383378,0.0585802975023,0.0586671877183,0.0589332890048,0.0589550115588,0.0590690549673,0.0592048209299,0.0595252286014,0.0597641766954,0.0596501332869,0.0601551826674,0.0600520005359,0.0601225988364,0.0602312116064,0.0601877664984,0.0604212839539,0.0605190354469,0.0603181018224,0.0603343937379,0.0606819546019,0.0606493707709,0.0606710933249,0.0609752090809,0.0612195878135,0.0614259520765,0.061833249964,0.0619255708185,0.062408897645,0.0627293053165,0.0629248083025,0.063147464481,0.0636688057771,0.0634950253451,0.0636905283311,0.0638317249321,0.0637176815236,0.0639349070636,0.0638371555706,0.0641358406881,0.0642878985661,0.0641684245191,0.0641141181341,0.0644671096366,0.0643693581436,0.0644562483596,0.0650536185946,0.0651079249796,0.0658736450082,0.0660745786327,0.0666122118442,0.0671118305862,0.0673290561262,0.0674811140043,0.0678666893378,0.0683445855258,0.0681436519013,0.0683500161643,0.0683934612723,0.0682522646713,0.0679372876383,0.0681382212628,0.0682794178638,0.0683717387183,0.0687573140518,0.0688116204368,0.0692895166248,0.0697891353669,0.0697945660054,0.0705765779494,0.0713042835084,0.071559523518,0.071776749058,0.0722492146075,0.072580483556,0.0728465848425,0.073156131237,0.073623166148,0.0743019959606,0.0746224036321,0.0752197738671,0.0755890572851,0.0760832453887,0.0764579594452,0.0766914769007,0.0772182488352,0.0775277952297,0.0777667433237,0.0780165526948,0.0783478216433,0.0784401424978,0.0791352642258,0.0798032327613,0.0805635221514,0.0814215630344,0.081959196246,0.0825728583965,0.0835503733265,0.0843160933551,0.0848374346511,0.0856085853181,0.0861407878912,0.0868413402577,0.0870042594127,0.0872540687837,0.0874930168777,0.0880034968967,0.0879274679577,0.0881229709437,0.0889810118268,0.0893774484373,0.0896652722778,0.0899856799493,0.0905504663534,0.0910283625414,0.0918158051239,0.0918266664009,0.092369730251,0.0927444443075,0.092815042608,0.093064851979,0.0934069822045,0.09342327412,0.094357343942,0.0947917950221,0.0951284946091,0.0961060095391,0.0965350299807,0.0970618019152,0.0975016836337,0.0979850104602,0.0984737679252,0.0992231960383,0.0991037219913,0.0992014734843,0.0995110198788,0.0997119535033,0.100331046292,0.100597147579,0.101075043767,0.101248824199,0.101884208903,0.102497871054,0.102932322134,0.103871822595,0.104697279647,0.105685655854,0.106255872896,0.107439752089,0.107885064446,0.108438989573,0.108808272991,0.108862579376,0.109253585348,0.109508825358,0.109888970053,0.109975860269,0.110165932616,0.109959568353,0.110106195593,0.110708996466,0.111181462016,0.11207208673,0.112778069735,0.113668694449,0.114260634046,0.115449943877,0.116161357521,0.116731574563,0.117741673324,0.118170693766,0.118789786555,0.119761870846,0.120424408743,0.120668787476,0.121320464096,0.121217281964,0.122080753486,0.122781305852,0.123123436078,0.123639346735,0.124508248896,0.124937269337,0.12546947191,0.126349235347,0.126691365573,0.127185553676,0.127630866033,0.128977664381,0.129558742701,0.130970708711,0.131318269575,0.131948223641,0.132404397275,0.132665067923,0.133555692637,0.134153062872,0.134978519924,0.135494430582,0.136385055296,0.136754338714,0.137482044273,0.138084845146,0.138779966874,0.139545686903,0.140555785664,0.141815693796,0.142521676801,0.142516246162,0.143124477674,0.143998810473,0.144867712633,0.145307594352,0.146610947592,0.147534156137,0.148169540841,0.149033012363,0.149619521321,0.150618758805,0.151601704373,0.152188213331,0.152611803134,0.153708792111,0.154333315539,0.15519678706,0.155859324958,0.156652198179,0.157369042461,0.158466031438,0.159101416142,0.16055682726,0.162093697956,0.162886571177,0.164336551656,0.165433540633,0.166188399385,0.167279957724,0.168333501593,0.169712883772,0.170923916157,0.171119419143,0.171336644683,0.172417341745,0.172509662599,0.173405717952,0.174122562234,0.174660195445,0.175740892507,0.176245941887,0.177147427879,0.178065205785,0.179428296049,0.179841024575,0.181301866331,0.182051294444,0.18322431236,0.184228980483,0.184690584755,0.185342261375,0.186184010343,0.186803103132,0.187682866569,0.188807008739,0.189100263218,0.190289573049,0.191267087979,0.192027377369,0.193032045492,0.193656568919,0.19448745661,0.195801671127,0.195801671127,0.196974689043,0.19832691803,0.199250126575,0.200081014265,0.20104223728,0.202910376924,0.20408339484,0.205153230624,0.20647287578,0.208829772889,0.209101304814,0.209687813772,0.210681620618,0.211295282768,0.212631219839,0.212674664947,0.214037755211,0.214906657371,0.215542042075,0.215645224207,0.217138649794,0.218371404734,0.219061095824,0.219837677129,0.220353587787,