# R script for Peak Model
#  -- generated by MACS
p <- c(0.0373477511681,0.0435449989629,0.0500857086837,0.0561186920791,0.0624055386372,0.0624802042732,0.0620770098384,0.062256207365,0.0624503380188,0.0636748544505,0.0634060581606,0.0632119275068,0.0628983318353,0.063017796853,0.0626146024182,0.0628535324536,0.0636748544505,0.0638092525955,0.0637495200866,0.0627490005631,0.0627490005631,0.063361258779,0.0633463256518,0.0631671281252,0.0637345869594,0.0636001888145,0.0633164593973,0.0630476631075,0.0632716600157,0.0623458061283,0.0623010067466,0.0618828791846,0.0614199522409,0.061912745439,0.0617932804213,0.0618530129301,0.0618978123118,0.0614199522409,0.0614050191137,0.062465271146,0.0630028637258,0.0631969943796,0.0636300550689,0.0639735169949,0.0640332495037,0.064257246412,0.0645111095747,0.065153234045,0.064600708338,0.0650636352817,0.0647649727373,0.0648396383734,0.0651831002994,0.0649143040095,0.0648695046279,0.0645111095747,0.0640183163765,0.0638689851044,0.0647649727373,0.0641079151398,0.0635404563056,0.0634209912879,0.0631372618708,0.0628983318353,0.0628385993264,0.0632119275068,0.0636897875778,0.06357032256,0.0631073956163,0.0634956569239,0.0641527145215,0.0645559089563,0.0644215108114,0.0646903071013,0.064466310193,0.0643020457936,0.0633164593973,0.0636748544505,0.0636151219417,0.0632567268885,0.0628833987081,0.062256207365,0.06212180922,0.062047143584,0.0623906055099,0.0621666086017,0.0628535324536,0.0625698030365,0.0628833987081,0.0630775293619,0.0634657906695,0.0635852556872,0.063704720705,0.0632119275068,0.0632567268885,0.0632417937613,0.0631073956163,0.0630924624891,0.0627937999448,0.0628833987081,0.0619724779479,0.0616588822763,0.0619276785662,0.0621516754745,0.061912745439,0.0618231466757,0.0618679460574,0.0618978123118,0.0622860736194,0.0623159398739,0.062674334927,0.0627191343087,0.0630924624891,0.0628236661992,0.0627639336903,0.0629879305986,0.0633164593973,0.0630924624891,0.0630028637258,0.0627937999448,0.0626892680543,0.0631820612524,0.0620919429656,0.0626892680543,0.0627490005631,0.0629132649625,0.0628236661992,0.0630476631075,0.0624204717644,0.0624951374005,0.063017796853,0.0630327299802,0.0638540519771,0.0629729974714,0.0626594017998,0.062256207365,0.0621964748561,0.062599669291,0.0631820612524,0.0633911250334,0.0628983318353,0.0629281980897,0.0629879305986,0.0637793863411,0.064257246412,0.0643468451753,0.0637943194683,0.0628684655809,0.062674334927,0.0624354048916,0.0626594017998,0.0625698030365,0.0621367423473,0.062047143584,0.0627639336903,0.0632417937613,0.0631671281252,0.0636001888145,0.0638241857227,0.0638092525955,0.0634508575423,0.0627788668176,0.062808733072,0.0626444686726,0.0617783472941,0.0620023442023,0.0622711404922,0.0627042011815,0.0627788668176,0.0632119275068,0.0634807237967,0.0638988513588,0.0643169789208,0.0642124470303,0.0645260427019,0.064122848267,0.0648993708823,0.0646305745924,0.0641676476487,0.0636001888145,0.0644513770658,0.0646156414652,0.0646903071013,0.0654220303349,0.0652129665538,0.0651980334266,0.0650636352817,0.0647052402285,0.0654966959709,0.0654369634621,0.064809772119,0.0648844377551,0.0648844377551,0.0645111095747,0.0653473646988,0.0652577659355,0.0650039027728,0.0656310941159,0.0650785684089,0.0659745560419,0.066258285459,0.0660790879324,0.0664972154944,0.0663777504767,0.0659596229146,0.0663628173495,0.0670049418198,0.0669900086926,0.0674081362546,0.067228938728,0.0671393399647,0.0674529356363,0.0665868142577,0.0676172000357,0.0673932031274,0.0673932031274,0.0671094737103,0.0671244068375,0.0671990724736,0.0666316136394,0.0665718811305,0.067019874947,0.0672886712369,0.0663478842223,0.0664374829856,0.0668556105476,0.0669900086926,0.0673036043641,0.0671094737103,0.0677515981806,0.067706798799,0.0667958780388,0.067363336873,0.0678710631983,0.0681099932338,0.068468388287,0.0685729201775,0.0687521177041,0.0686625189408,0.0686326526864,0.0689462483579,0.0696779715915,0.0701110322808,0.0698870353725,0.0694539746833,0.0695435734466,0.0691105127573,0.069229977775,0.0696331722099,0.0694838409377,0.0694539746833,0.0693345096655,0.068811850213,0.0692449109022,0.0699019684998,0.0691254458845,0.0691702452662,0.0687073183225,0.0685131876686,0.0690059808668,0.0690507802484,0.0686475858136,0.0684235889053,0.068124926361,0.0680203944705,0.0682443913787,0.0686177195592,0.0691105127573,0.0689462483579,0.0687969170858,0.068811850213,0.0695435734466,0.0697227709732,0.0695585065738,0.069573439701,0.06936437592,0.0693195765383,0.0688417164674,0.0694987740649,0.0696033059554,0.0702304972985,0.0707083573694,0.0711115518043,0.071440080603,0.0722763357272,0.0732171227418,0.073575517795,0.0735008521589,0.0729333933247,0.0735307184133,0.0730528583424,0.0729931258335,0.0733365877595,0.0735157852861,0.0730827245968,0.0725451320171,0.0725301988898,0.0730528583424,0.0736800496855,0.0739787122298,0.0745163048096,0.0742475085197,0.0741429766292,0.074680569209,0.0752032286616,0.076547210111,0.0779061246877,0.0789365104657,0.0797279662081,0.0806090207139,0.0818335371456,0.0832820504856,0.0844767006629,0.0847454969528,0.085312955787,0.0853876214231,0.0851934907693,0.0844468344085,0.0847006975712,0.0850142932427,0.0849097613522,0.0852084238965,0.0849097613522,0.0854622870592,0.0851934907693,0.0853876214231,0.0853278889143,0.0858057489852,0.0857310833491,0.0847454969528,0.0848798950978,0.0851636245149,0.0858505483668,0.0857609496035,0.0864329403283,0.0865076059644,0.0865374722188,0.0876425236328,0.0885683775202,0.0884339793753,0.0888819731918,0.0877769217777,0.0874185267245,0.0885833106474,0.0890313044639,0.0889566388278,0.0896286295526,0.0898974258425,0.0893598332627,0.090345419659,0.0908382128571,0.0914056716913,0.0918088661262,0.0913011398008,0.0915400698363,0.0915699360907,0.091659534854,0.0919432642711,0.0929437837946,0.0926749875047,0.0915102035818,0.091450471073,0.0912563404192,0.0910771428926,0.0905096840583,0.0907038147121,0.0903304865317,0.090211021514,0.0895688970437,0.0901960883868,0.0909875441293,0.0913907385641,0.0910472766381,0.0913907385641,0.0917491336173,0.0917342004901,0.0921373949249,0.0914056716913,0.0910174103837,0.0902408877684,0.0910174103837,0.0912115410375,0.0909576778748,0.0913310060552,0.0916446017268,0.0919581973983,0.0915848692179,0.0925107231053,0.0936456407738,0.0944072302618,0.0943026983713,0.0941832333536,0.09463122717,0.0946610934245,0.0952882847676,0.0950642878593,0.0950941541138,0.0949000234599,0.0953032178948,0.0958408104746,0.0959602754923,0.0964381355632,0.0974983875956,0.0978418495216,0.097319190069,0.098558639628,0.0995740922787,0.100485013039,0.100350614894,0.10015648424,0.0996188916603,0.100574611802,0.100753809329,0.100933006855,0.100918073728,0.099872754823,0.100216216749,0.100723943074,0.100365548021,0.101097271255,0.102545784595,0.10197832576,0.101933526379,0.101918593252,0.102351653941,0.102829514012,0.102306854559,0.101246602527,0.10160499758,0.101395933799,0.100992739364,0.101993258888,0.101784195107,0.10197832576,0.101918593252,0.102739915249,0.103620969754,0.104307893606,0.104278027352,0.104337759861,0.104740954296,0.104726021168,0.104920151822,0.10557720942,0.10632386578,0.105920671346,0.106279066399,0.10584600571,0.106562795816,0.106771859597,0.106249200144,0.106174534508,0.106921190869,0.106771859597,0.10686145836,0.107847044757,0.108280105446,0.109340357478,0.109355290605,0.109235825588,0.109459822496,0.109788351295,0.110221411984,0.110251278238,0.110609673292,0.110415542638,0.109863016931,0.109639020022,0.11056487391,0.111251797762,0.111192065253,0.111610192815,0.111878989105,0.112371782303,0.112431514812,0.113417101208,0.113626164989,0.114462420113,0.114611751386,0.115209076474,0.115776535308,0.115268808983,0.115358407746,0.115851200944,0.11582133469,0.115104544584,0.115059745202,0.115940799708,0.115955732835,0.115477872764,0.116164796616,0.116418659779,0.116239462252,0.116254395379,0.116702389196,0.117673042465,0.118882625769,0.118509297589,0.118554096971,0.119883145293,0.120614868527,0.121466056778,0.122123114375,0.122914570118,0.123765758369,0.124631879748,