# R script for Peak Model
#  -- generated by MACS
p <- c(0.0388468890738,0.045183804495,0.0517004433578,0.0580972665928,0.0648069417447,0.0651464193566,0.0654592712734,0.0656589639862,0.0660650058357,0.0659784723268,0.0655324919347,0.0657255282238,0.0655990561724,0.0659651594793,0.0654725841209,0.0656190254436,0.0655058662397,0.0657188718001,0.0653394556457,0.0655058662397,0.065832031004,0.0657787796139,0.0660516929882,0.0658386874278,0.0662713549723,0.0657987488852,0.0659784723268,0.0655724304773,0.0653660813407,0.0653327992219,0.065133106509,0.0648868188299,0.0646471875744,0.0644341820141,0.0642744278438,0.0642943971151,0.0636220983151,0.0634823134161,0.0636154418914,0.063682006129,0.0638084781804,0.0642344893012,0.0643276792339,0.0643609613527,0.0646005926081,0.0650066344576,0.0655324919347,0.0658453438515,0.0662780113961,0.0664777041089,0.0663445756337,0.0661781650396,0.0666973660931,0.0667972124495,0.0668038688732,0.0666640839742,0.0665509247703,0.0668770895346,0.0664777041089,0.0664044834475,0.0668637766871,0.0670634694,0.0664377655663,0.0666840532455,0.0667173353643,0.0665775504653,0.0667173353643,0.0668171817208,0.0665509247703,0.0669969051623,0.0668371509921,0.0667439610594,0.0665975197366,0.0664377655663,0.0661249136495,0.0663512320574,0.0662646985485,0.0656389947149,0.0659385337842,0.0654659276971,0.0652196400179,0.0653327992219,0.0656722768337,0.0655191790872,0.065805405309,0.0656256818674,0.0658985952416,0.0663246063624,0.0664643912614,0.0666308018554,0.0671766286039,0.0672631621128,0.067396290588,0.0674096034356,0.0675227626395,0.0680219944217,0.0678289581326,0.0678622402514,0.0678688966751,0.0676292654197,0.066923684501,0.0670568129762,0.0671699721801,0.0673230699267,0.0675427319108,0.0673563520455,0.0672365364178,0.0671566593326,0.0671034079425,0.0673430391979,0.0675161062158,0.0674828240969,0.0675227626395,0.0679421173365,0.0676891732336,0.0674162598593,0.0674628548257,0.0673630084692,0.0676026397247,0.0675627011821,0.0676958296573,0.0675161062158,0.0675893268771,0.0673896341643,0.0671366900613,0.0674495419781,0.068068589388,0.0681151843543,0.0679421173365,0.0681950614395,0.068348159186,0.0682749385246,0.0683215334909,0.0682416564058,0.0685411954751,0.0684746312375,0.0678422709801,0.067955430184,0.0679887123028,0.0675959833009,0.0671965978752,0.0670102180099,0.0666108325842,0.0666108325842,0.0666374582792,0.0663512320574,0.0666973660931,0.0665708940416,0.0664577348376,0.0665376119228,0.0671965978752,0.067536075487,0.0675826704534,0.06778901959,0.0678622402514,0.0686210725602,0.0685012569325,0.0687808267305,0.0694331562591,0.0693998741403,0.0691402736136,0.0693732484453,0.069493064073,0.0694864076492,0.0693932177166,0.0693932177166,0.0696994132096,0.0693998741403,0.0688873295107,0.0689139552057,0.0690138015622,0.0686476982553,0.0690138015622,0.068933924477,0.0693865612928,0.0692667456651,0.0688740166632,0.0688407345443,0.0686610111028,0.068933924477,0.0689538937483,0.069606223277,0.069466438378,0.0694797512255,0.0692334635463,0.0686210725602,0.0690071451384,0.0692800585126,0.069353279174,0.0690204579859,0.0691269607661,0.0690404272572,0.0687142624929,0.0688673602394,0.0687142624929,0.0693066842077,0.0691069914948,0.0688274216968,0.0688141088493,0.0693333099027,0.0693865612928,0.0689605501721,0.0691003350711,0.0692734020889,0.0694131869879,0.06918686858,0.0692334635463,0.0698125724136,0.0703384298908,0.0702918349244,0.0704649019422,0.0709641337244,0.0715498990154,0.0709974158432,0.0713036113362,0.0716430889481,0.072202228544,0.0724218905282,0.0725483625797,0.0728612144965,0.072455172647,0.0726149268173,0.0725217368846,0.0731141585994,0.0726681782074,0.07276136814,0.0726348960886,0.0721889156965,0.0723220441718,0.0720824129163,0.0725283933084,0.0721423207302,0.0721822592728,0.072202228544,0.0728013066826,0.0728345888014,0.0729677172767,0.0735667954152,0.0730675636331,0.0733404770073,0.0735534825677,0.0741392478587,0.0746584489121,0.0751510242705,0.074858141625,0.0749779572527,0.0750045829478,0.0749313622864,0.0753573734071,0.0754305940685,0.0755437532725,0.075137711423,0.0750844600329,0.0748781108963,0.0751576806943,0.0750911164567,0.0749247058626,0.0748647980488,0.0749113930151,0.0748647980488,0.0749180494389,0.0756302867814,0.0755637225437,0.0757767281041,0.075696851019,0.0760962364447,0.076562186108,0.0768084737872,0.0771612642466,0.0774075519258,0.0773077055693,0.0773210184169,0.0775273675535,0.0772877362981,0.0775872753673,0.0777270602663,0.0777803116564,0.0777936245039,0.0777536859614,0.0781530713871,0.0784792361514,0.0779467222505,0.0779400658267,0.0781331021158,0.0780598814544,0.0780066300643,0.0781464149633,0.0782595741673,0.0790716578662,0.0790583450187,0.0798504594463,0.0805760096364,0.0804894761275,0.0811218363848,0.0817076016759,0.0822534284243,0.0827460037827,0.0833650511926,0.0834049897351,0.0836579338381,0.0836113388717,0.084330232638,0.0851356599132,0.0857879894418,0.0864403189705,0.0870859920754,0.087685070214,0.0883973075565,0.0889897292713,0.0900015056831,0.0910465642137,0.0911464105701,0.0918253657938,0.0919118993027,0.0924510696274,0.0926907008828,0.0927306394254,0.0930035527996,0.0930301784947,0.0928571114769,0.0926640751878,0.0931167120036,0.093382968954,0.0938089800748,0.09394210855,0.0940086727876,0.0943814325183,0.0946942844351,0.0949738542331,0.0951668905222,0.0951469212509,0.0948540386054,0.0948274129103,0.0948673514529,0.0952134854885,0.0953199882687,0.0949472285381,0.094920602843,0.0952800497261,0.0951602340984,0.0953199882687,0.0956128709142,0.0953532703875,0.0953000189974,0.0950071363519,0.0955196809816,0.0962785132904,0.0962652004429,0.096345077528,0.0965580830884,0.0967577758013,0.0972570075834,0.097856085722,0.0985616666407,0.0982687839952,0.0982288454526,0.0983553175041,0.0988012978961,0.0986415437258,0.0988279235912,0.0987613593536,0.0989610520664,0.0991274626605,0.0988012978961,0.099027616304,0.0987813286248,0.0988944878288,0.0987879850486,0.0984951024031,0.0990076470327,0.0993005296783,0.0990475855753,0.0993271553733,0.0999661720544,0.101044512704,0.101596995876,0.101450554553,0.101703498656,0.10284174712,0.102508925931,0.102721931492,0.103068065527,0.102635397983,0.102482300236,0.102395766727,0.10254220805,0.102768526458,0.102848403543,0.102475643813,0.103147942613,0.103201194003,0.103467450953,0.104153062601,0.104286191076,0.104838674248,0.104991771995,0.105377844573,0.105530942319,0.106229866814,0.106283118204,0.106769037139,0.107028637666,0.106948760581,0.107095201903,0.106449528798,0.106582657274,0.106975386276,0.107401397396,0.107135140446,0.107714249313,0.107674310771,0.107654341499,0.107787469975,0.108220137519,0.109245226778,0.109498170881,0.109298478168,0.109518140153,0.110024028358,0.109651268628,0.109844304917,0.110436726632,0.110789517091,0.110696327158,0.110776204244,0.110509947293,0.110882707024,0.110836112057,0.111475128739,0.111821262774,0.112207335352,0.112360433099,0.112633346473,0.113066014018,0.113438773748,0.114250857447,0.114210918905,0.114370673075,0.113898066988,0.1142375446,0.114756745653,0.114956438366,0.115149474655,0.115236008164,0.114583678635,0.114803340619,0.115322541673,0.116068061134,0.116593918611,0.116720390663,0.116640513578,0.116400882322,0.116747016358,0.116913426952,0.11697999119,0.116920083376,0.117412658734,0.117339438073,0.116753672782,0.11729949953,0.117519161514,0.117785418465,0.117732167075,0.118051675415,0.118490999383,0.119329708777,0.119489462948,0.119569340033,0.120081884663,0.119675842813,0.119662529966,0.12020170029,0.12098050187,0.121087004651,0.121113630346,0.120621054987,0.120414705851,0.120594429292,0.121120286769,0.121453107957,0.121413169415,0.121393200144,0.121053722532,0.121300010211,0.121726021332,0.121872462654,0.121812554841,0.122291817351,0.122551417878,0.122531448607,0.123083931779,0.122977428999,0.122990741846,0.123430065815,0.123856076935,0.12412899031,0.124641534939,0.124867853347,0.124781319838,0.125220643807,0.125247269502,0.12547358791,0.125713219165,0.125380397977,0.125506870028,0.125600059961,0.126285671609,0.126292328032,