# R script for Peak Model
#  -- generated by MACS
p <- c(0.0225827641132,0.0266699868196,0.0302763597958,0.0336938275209,0.0376951842041,0.0379699554785,0.0384679784133,0.0389144817342,0.0391720798039,0.0399105276038,0.0398246615805,0.0395498903062,0.040047913241,0.0409065734734,0.0409580930874,0.0409580930874,0.0401166060596,0.0398590079898,0.0398933543991,0.0398246615805,0.0396014099201,0.0401509524689,0.0395842367155,0.0393094654411,0.0392064262132,0.0391205601899,0.0396357563294,0.039412504669,0.0390518673713,0.0383649391854,0.038777096097,0.0383134195714,0.0383477659807,0.0378840894552,0.0380558215017,0.0382275535482,0.0377123574087,0.0375749717715,0.0378153966366,0.0381245143203,0.0381932071389,0.0381588607296,0.0386397104598,0.0387942693016,0.038777096097,0.0385023248226,0.0391033869853,0.0392064262132,0.0389488281434,0.0392235994178,0.0385881908458,0.03838211239,0.037746703818,0.0383134195714,0.0380386482971,0.0379527822738,0.0375577985669,0.0379356090692,0.0381932071389,0.0378669162506,0.0378669162506,0.0379527822738,0.0381760339343,0.037111295246,0.0372830272925,0.0374375861344,0.0372315076786,0.0368880435856,0.0366647919252,0.0368880435856,0.0371799880646,0.0372486808832,0.0380729947064,0.0388286157109,0.0386225372551,0.0388457889156,0.0394468510783,0.0394983706922,0.0396872759433,0.0393953314643,0.0399792204224,0.0400822596503,0.0396872759433,0.0395670635108,0.0398418347852,0.0392407726225,0.0389660013481,0.0392751190318,0.0387427496877,0.0386912300737,0.0383992855947,0.0386568836644,0.0383649391854,0.0384851516179,0.0380386482971,0.0385881908458,0.0391549065992,0.0393781582597,0.0401509524689,0.0403742041293,0.0405115897665,0.0404600701525,0.0407520146316,0.0403570309246,0.0407348414269,0.0410954787245,0.0406661486083,0.0403570309246,0.0397903151712,0.0400307400363,0.0405287629711,0.0404944165618,0.0408207074502,0.0414217696129,0.0413359035896,0.041026785906,0.0410783055199,0.0407348414269,0.0412328643617,0.0409580930874,0.0405631093804,0.040975266292,0.0407863610409,0.0408378806548,0.0407348414269,0.0411641715431,0.0411985179524,0.0417137140919,0.0415248088408,0.0416965408873,0.0413702499989,0.0407520146316,0.0401166060596,0.039704449148,0.039704449148,0.0392922922364,0.0392579458271,0.039069040576,0.0394811974876,0.0393266386457,0.0396701027387,0.0398074883759,0.0401337792642,0.0403226845154,0.04033985772,0.04033985772,0.0409409198827,0.0407863610409,0.0407348414269,0.0410954787245,0.0413530767943,0.041610674864,0.0417995801151,0.0418682729337,0.041902619343,0.0420228317756,0.0417137140919,0.0417137140919,0.0414217696129,0.0411469983385,0.0408550538595,0.0405802825851,0.0403570309246,0.0407176682223,0.0411126519292,0.0411985179524,0.0419369657523,0.0417995801151,0.0421602174128,0.0423662958686,0.0421945638221,0.0426925867569,0.0428643188034,0.0427612795755,0.0429845312359,0.0436027666033,0.0428299723941,0.0435340737847,0.0433623417382,0.0436027666033,0.0436714594219,0.0434138613521,0.0440664431288,0.0437916718544,0.043224956101,0.0428299723941,0.0436027666033,0.04351690058,0.043860364673,0.0435855933986,0.0437744986498,0.0437229790358,0.0435855933986,0.0436199398079,0.0436542862172,0.0431906096917,0.0429845312359,0.0427612795755,0.0424006422779,0.0427269331662,0.0427612795755,0.0432593025103,0.0428471455987,0.0430360508499,0.0434310345568,0.0438088450591,0.0436199398079,0.0434310345568,0.043860364673,0.0442210019706,0.0444442536311,0.0438260182637,0.0440320967195,0.0442381751753,0.0445129464497,0.044787717724,0.0449422765659,0.0456978975704,0.045818110003,0.0454059530914,0.0449422765659,0.0451483550217,0.046110054482,0.0459726688448,0.0460928812773,0.0459039760262,0.0454918191146,0.0453716066821,0.0451998746356,0.0457150707751,0.0467798094633,0.0475010840585,0.0471232735563,0.0479304141748,0.0478788945608,0.048308224677,0.0487547279979,0.0494760025932,0.0497336006629,0.0500598915512,0.0500942379605,0.0501114111652,0.0505235680767,0.0507811661465,0.0513650551045,0.0517428656068,0.0521206761091,0.0519832904719,0.0524126205881,0.0526530454532,0.0526186990439,0.0530823755694,0.0525500062253,0.0526530454532,0.0526702186578,0.0526186990439,0.0528934703183,0.0536147449135,0.0532541076159,0.0535117056856,0.0533571468438,0.052807604295,0.0533743200484,0.0528419507043,0.0527560846811,0.0529106435229,0.0529965095462,0.052807604295,0.0533056272298,0.0535117056856,0.0537349573461,0.0540440750297,0.0547481764203,0.0561392059969,0.057015039434,0.057650448006,0.0577019676199,0.057650448006,0.0579595656897,0.057993912099,0.0584404154198,0.058629320671,0.0582686833733,0.0580797781222,0.058285856578,0.0584060690105,0.0595738469266,0.0601062162708,0.0606385856149,0.0603809875451,0.0610163961171,0.061806363531,0.0625619845355,0.0628367558099,0.0631802199029,0.0637469356563,0.0634034715633,0.0640732265446,0.0642449585911,0.0650005795957,0.0658420666234,0.0669583249256,0.0672330962,0.0683665277068,0.0687786846184,0.0695514788276,0.0703757926507,0.0703757926507,0.0716294365901,0.0726083092551,0.0729346001434,0.0727628680969,0.0738791263991,0.0738276067851,0.0739649924223,0.0738276067851,0.0746004009943,0.0748408258594,0.0743599761292,0.0746862670176,0.0746519206083,0.0756994860919,0.0761975090267,0.0765924927336,0.0770905156684,0.0786532772914,0.0789108753612,0.0800786532773,0.080971659919,0.081315124012,0.0826031143607,0.0829637516583,0.0826202875653,0.0829465784536,0.0834617745931,0.0829122320443,0.0835476406163,0.0845608596906,0.0848528041697,0.0856084251742,0.0860205820858,0.0864842586113,0.0876348633228,0.0884763503505,0.0902108440201,0.0906573473409,0.0909149454107,0.0905543081131,0.0913957951408,0.0921857625547,0.0920312037128,0.0926837854895,0.0930444227871,0.0938687366103,0.0936111385405,0.0950880341403,0.0954658446426,0.0966164493541,0.0971316454935,0.0978529200888,0.0989520051863,0.098625714298,0.0993813353025,0.0997934922141,0.100274341944,0.100274341944,0.100875404107,0.101081482563,0.102008835614,0.101665371521,0.102609897776,0.104103966581,0.104705028744,0.106216270753,0.107126450599,0.108586172994,0.10953069925,0.110612611143,0.111162153692,0.112724915315,0.112862300952,0.113738134389,0.114493755393,0.114304850142,0.115111990761,0.115369588831,0.116073690221,0.117121255705,0.118632497714,0.119216386672,0.120298298565,0.121191305206,0.121843886983,0.12201561903,0.122994491695,0.123561207448,0.125261354708,0.12519266189,0.125364393936,0.126188707759,0.126583691466,0.126944328764,0.128232319112,0.129125325754,0.129056632936,0.130018332396,0.130619394559,0.131495227996,0.131924558112,0.132645832707,0.133796437419,0.135805702363,0.137024999893,0.139686846613,0.141129395804,0.142176961287,0.143585164069,0.145491389785,0.147638040366,0.148702779054,0.150488792337,0.150677697588,0.15060900477,0.152274805621,0.154679054272,0.156293335509,0.157804577518,0.158955182229,0.15988253528,0.160535117057,0.161033139992,0.162784806866,0.164725378991,0.164330395284,0.164639512968,0.164742552196,0.165412307177,0.166442699456,0.167284186484,0.170049072432,0.171491621623,0.172779611971,0.174926262553,0.176557716994,0.17724464518,0.179442815375,0.179580201012,0.181005576998,0.182516819007,0.183907848584,0.185659515458,0.18629492403,0.187737473221,0.189386100867,0.190983208899,0.192511624113,0.193730921643,0.194417849829,0.19682209848,0.19804139601,0.19829899408,0.200840628368,0.20073758914,0.2016992886,0.203588341111,0.205013717097,0.206765383971,0.208877688143,0.210028292855,0.21148801525,0.213754878263,0.21562675757,0.21732690483,0.219181610932,0.221173702672,0.22271929109,0.225432657425,0.227785386462,0.228403621829,0.230189635112,0.232662576582,0.232559537354,0.233967740135,0.235118344847,0.237368034656,0.23982380292,0.240957234427,0.242743247711,0.245027283929,0.247689130649,0.248015421538,0.250797480691,0.253459327411,0.256138347337,0.257374818071,0.258233478304,0.26087815182,0.262526779466,0.264209753522,0.266562482558,0.270237548353,0.272796355846,0.275458202567,0.27698661778,0.278411993766,0.280438431915,0.281537517012,0.282911373384,0.286277321495,