# R script for Peak Model
#  -- generated by MACS
p <- c(0.041572708147,0.0488027443465,0.0557589155384,0.0633723627484,0.0710953559615,0.0715883129751,0.0715335399736,0.0728480920099,0.0727385460069,0.0723551349963,0.0701642149358,0.0697260309237,0.0698903499283,0.0695069389177,0.0687401168965,0.0693426199132,0.0697808039253,0.0689044359011,0.0700546689328,0.0705476259464,0.0716978589781,0.0715335399736,0.0716430859766,0.0720812699887,0.0720264969872,0.0712596749661,0.0713144479676,0.0717526319797,0.0698903499283,0.0698355769268,0.0692878469117,0.0702737609389,0.0690139819041,0.0702189879373,0.0696164849207,0.0691235279071,0.0692330739101,0.0695069389177,0.0704928529449,0.0715335399736,0.0723551349963,0.0707119449509,0.0709858099585,0.0691235279071,0.0692878469117,0.0691783009086,0.068466251889,0.068356705886,0.0686305708935,0.0666039698376,0.0657276018134,0.0657823748149,0.0658371478164,0.0656728288119,0.0655085098074,0.0653989638044,0.066111012824,0.0652346447998,0.0644678227787,0.0653441908028,0.0656728288119,0.0671516998527,0.0673160188572,0.0673160188572,0.0682471598829,0.0684114788875,0.0679185218739,0.0685210248905,0.0675898838648,0.0676994298678,0.0674803378618,0.0663848778316,0.0660562398225,0.0655085098074,0.0646321417832,0.0650703257953,0.0653989638044,0.0670421538497,0.068356705886,0.0690139819041,0.0685210248905,0.0691235279071,0.0695069389177,0.0703833069419,0.0701642149358,0.0700546689328,0.0693973929147,0.0688496628996,0.0690139819041,0.0687948898981,0.0701642149358,0.0692878469117,0.0700546689328,0.0692878469117,0.0694521659162,0.0692878469117,0.0687948898981,0.0676994298678,0.0674255648603,0.0672612458557,0.066111012824,0.0663848778316,0.0669326078467,0.0672064728542,0.0677542028693,0.0667682888421,0.0679732948754,0.0682471598829,0.0681376138799,0.0673160188572,0.0679732948754,0.0686305708935,0.0674255648603,0.0675351108633,0.068685343895,0.0694521659162,0.0680828408784,0.0690139819041,0.068466251889,0.068356705886,0.068466251889,0.0681376138799,0.0686305708935,0.0692878469117,0.0674255648603,0.0679185218739,0.0679185218739,0.0666587428391,0.0681376138799,0.0680280678769,0.0657823748149,0.0657823748149,0.0669326078467,0.0672612458557,0.0674255648603,0.0664944238346,0.0673707918588,0.0676446568663,0.0670421538497,0.0684114788875,0.0696712579222,0.0695069389177,0.0674255648603,0.06633010483,0.06633010483,0.0667135158406,0.0659466938195,0.0656180558104,0.0644678227787,0.0639200927636,0.0651798717983,0.0659466938195,0.0673707918588,0.0679732948754,0.068466251889,0.068466251889,0.0696712579222,0.07104058296,0.0712049019645,0.0703833069419,0.0698355769268,0.0692330739101,0.0682471598829,0.0683019328845,0.0690139819041,0.0698355769268,0.0687401168965,0.068356705886,0.0678089758708,0.068466251889,0.0685210248905,0.0678637488724,0.0674803378618,0.0664944238346,0.0658371478164,0.0647416877862,0.0647416877862,0.0643582767756,0.0645773687817,0.0643582767756,0.0647416877862,0.0645773687817,0.0646869147847,0.0651798717983,0.0650155527938,0.0649607797923,0.0657276018134,0.0667135158406,0.0680280678769,0.0684114788875,0.0677542028693,0.0680828408784,0.0677542028693,0.0680828408784,0.068685343895,0.0699998959313,0.0697260309237,0.0686305708935,0.0677542028693,0.0670421538497,0.0664396508331,0.0664396508331,0.0684114788875,0.0683019328845,0.0681923868814,0.0670421538497,0.0671516998527,0.0679732948754,0.0673707918588,0.0667682888421,0.0668230618436,0.0679732948754,0.0664944238346,0.0655632828089,0.0641391847696,0.0644678227787,0.0645773687817,0.0632628167454,0.0649607797923,0.0663848778316,0.0673707918588,0.0662753318285,0.0662753318285,0.0667135158406,0.0669326078467,0.0670969268512,0.0679732948754,0.068466251889,0.0674803378618,0.0669326078467,0.0671516998527,0.0685210248905,0.0689592089026,0.0690139819041,0.0699451229298,0.0700546689328,0.0696164849207,0.068356705886,0.0675351108633,0.0676994298678,0.0675351108633,0.0663848778316,0.066111012824,0.0667682888421,0.0661657858255,0.0656180558104,0.0645773687817,0.0668778348452,0.0690139819041,0.0678089758708,0.0676446568663,0.0679732948754,0.0694521659162,0.0691783009086,0.0691235279071,0.0697808039253,0.0696164849207,0.068685343895,0.0676446568663,0.0695617119192,0.0701642149358,0.070821490954,0.0690687549056,0.068575797892,0.0688496628996,0.0687401168965,0.0689592089026,0.0690139819041,0.0693973929147,0.0701642149358,0.0698355769268,0.0685210248905,0.0691783009086,0.0695617119192,0.0699451229298,0.0700546689328,0.0708762639555,0.0714239939706,0.0715335399736,0.070931036957,0.0708762639555,0.0722455889933,0.0714239939706,0.0725742270023,0.0730671840159,0.0731767300189,0.0728480920099,0.0726837730053,0.0725742270023,0.0720264969872,0.0714787669721,0.0719169509842,0.0729576380129,0.0725742270023,0.0726290000038,0.0720812699887,0.0730671840159,0.0722455889933,0.0731767300189,0.0734505950265,0.0747651470628,0.0742174170477,0.0749842390688,0.0748199200643,0.0759153800945,0.078106300155,0.0785992571686,0.0812283612411,0.0828167782849,0.0847338333378,0.0856649743635,0.0876915754194,0.0891704464602,0.0908136365055,0.0915256855252,0.0921281885418,0.0930593295675,0.0936070595826,0.0932784215736,0.09278546456,0.0926211455554,0.093004556566,0.09278546456,0.0936618325841,0.0942643356008,0.0944834276068,0.0937713785872,0.0938261515887,0.0934427405781,0.0946477466113,0.0938809245902,0.09278546456,0.092895010563,0.093114102569,0.0927306915584,0.0920734155403,0.0936070595826,0.0938261515887,0.0936618325841,0.0936618325841,0.0939356975917,0.0950311576219,0.0955241146355,0.0944286546053,0.0934427405781,0.0932784215736,0.0927306915584,0.0919638695373,0.0921281885418,0.0908136365055,0.0915804585267,0.0914161395222,0.0900468144844,0.0904849984965,0.0903206794919,0.0894443114678,0.088294078436,0.0884583974406,0.0884583974406,0.0887870354496,0.0891704464602,0.0876915754194,0.087965440427,0.0875272564149,0.0885131704421,0.0890061274557,0.0897181764753,0.0909231825086,0.0923472805479,0.0911970475161,0.090430225495,0.0915804585267,0.0919090965358,0.0915256855252,0.0910875015131,0.0928402375615,0.0924568265509,0.0902111334889,0.0888965814527,0.0891156734587,0.0890061274557,0.0887870354496,0.0903754524935,0.0908136365055,0.0896086304723,0.0898277224783,0.0904849984965,0.0919638695373,0.0923472805479,0.0928402375615,0.0946477466113,0.0946477466113,0.0939356975917,0.0941000165962,0.0953050226295,0.0948668386174,0.0949763846204,0.0937713785872,0.0949216116189,0.0946477466113,0.0939904705932,0.0948668386174,0.0934427405781,0.0934427405781,0.0938809245902,0.0937166055856,0.0933879675766,0.0936618325841,0.093114102569,0.0954145686325,0.0951407036249,0.0945929736098,0.0945382006083,0.0937713785872,0.0939904705932,0.093223648572,0.0937713785872,0.0942643356008,0.0936618325841,0.09278546456,0.0942095625992,0.0942095625992,0.0938261515887,0.0944834276068,0.0944834276068,0.0948120656159,0.0945929736098,0.0953050226295,0.0956336606385,0.0959075256461,0.0947025196128,0.0947025196128,0.0971125316793,0.0971673046808,0.0966743476672,0.0970577586778,0.0968934396733,0.0966195746657,0.0971125316793,0.0973316236854,0.0970029856763,0.0966743476672,0.0954145686325,0.0966743476672,0.0968934396733,0.0970029856763,0.0979888997035,0.0984818567171,0.0973863966869,0.0964004826597,0.0967291206688,0.0961266176521,0.0962909366567,0.0956336606385,0.0955241146355,0.0959622986476,0.0959075256461,0.0961266176521,0.0956336606385,0.0944834276068,0.0943191086023,0.0953050226295,0.0962361636552,0.0945382006083,0.0943191086023,0.0926211455554,0.0925663725539,0.0914709125237,0.0927306915584,0.0942643356008,0.0947572926144,0.0949216116189,0.0942643356008,0.0964004826597,0.097824580699,0.0988104947262,0.0982627647111,0.098153218708,0.0970029856763,0.097715034696,0.0972768506839,0.0978793537005,0.0977698076975,0.0967838936703,0.0965648016642,0.0966195746657,0.0970577586778,0.0984818567171,0.0988104947262,0.097715034696,0.0993034517398,0.0999607277579,0.100179819764,0.102096874817,0.100563230775,0.100672776778,0.0998511817549,0.0982079917096,0.0994677707443,