# R script for Peak Model
#  -- generated by MACS
p <- c(0.01460004118,0.0169486310393,0.0193187675945,0.0217923282903,0.0242227955942,0.0243951691618,0.0241107527752,0.0240245659914,0.0238866671372,0.0237186029088,0.0235333013236,0.0234729705749,0.0235333013236,0.0234428052005,0.0234040211478,0.0231066767436,0.0232402662586,0.023317834364,0.0233523090775,0.0233997118086,0.0233049063464,0.0234255678438,0.023227338241,0.023296287668,0.0232661222937,0.0234858985925,0.0233350717208,0.0232618129545,0.0233695464343,0.0232531942761,0.0232876689897,0.0233867837911,0.0234557332181,0.0232101008842,0.0230463459949,0.0230377273166,0.0230765113693,0.0229299938368,0.02291275648,0.0230635833517,0.0232144102234,0.0230506553341,0.0230592740125,0.0231670074923,0.0232445755977,0.0232876689897,0.0233523090775,0.0234902079316,0.0234902079316,0.0233781651127,0.0233523090775,0.0233005970072,0.0231626981531,0.0230291086382,0.0229515405327,0.0229687778895,0.0230549646733,0.023003252603,0.0228955191233,0.0228739724273,0.0230075619422,0.0228265696962,0.0230722020301,0.023115295422,0.0231756261707,0.0232359569194,0.0232618129545,0.0234471145397,0.0233350717208,0.0233695464343,0.0230722020301,0.0232747409721,0.023205791545,0.0230549646733,0.0232661222937,0.0231282234396,0.0227920949827,0.0224128731338,0.0225637000055,0.0226326494326,0.0227360735732,0.0227576202691,0.0227059081988,0.0228955191233,0.0226585054677,0.0226111027366,0.0227403829124,0.0231497701355,0.023205791545,0.02333938106,0.023317834364,0.0232575036153,0.0232704316329,0.0232833596505,0.0233523090775,0.0234341865222,0.0234643518965,0.0233566184167,0.0232187195626,0.0227877856435,0.0228179510178,0.0229386125152,0.0230765113693,0.0231583888139,0.0230635833517,0.0231066767436,0.023205791545,0.0232101008842,0.0232445755977,0.0234815892533,0.0235720853763,0.0234040211478,0.0232833596505,0.023115295422,0.0232316475802,0.023115295422,0.0231282234396,0.0232014822058,0.02349882661,0.02349882661,0.0233652370951,0.0235591573587,0.0236625814993,0.0238995951548,0.0239426885467,0.0240116379738,0.0240331846697,0.0239642352427,0.023722912248,0.0236884375344,0.0239426885467,0.0239685445819,0.0238306457278,0.0236884375344,0.023632416125,0.0235333013236,0.0236237974466,0.0235548480195,0.023632416125,0.0238694297805,0.0238952858156,0.0238220270494,0.0238866671372,0.0240547313657,0.0240633500441,0.0241107527752,0.0240245659914,0.0239987099562,0.0240245659914,0.0237616963007,0.0235634666979,0.0235333013236,0.0234686612357,0.0235548480195,0.0236625814993,0.0236970562128,0.0236582721601,0.0236841281953,0.0236194881074,0.0238737391197,0.0240116379738,0.0239599259035,0.02408489674,0.0241926302198,0.0243736224659,0.0244641185889,0.024692513566,0.0248261030809,0.0249295272215,0.0248390310985,0.024783009689,0.0248217937418,0.0248390310985,0.0246795855484,0.0244727372673,0.0247571536539,0.0247873190282,0.0249553832567,0.0250286420229,0.0251449941811,0.0254251012285,0.0255543814043,0.0253992451934,0.0254638852813,0.0257095176152,0.0256578055449,0.0256405681881,0.0256578055449,0.0256448775273,0.0258000137382,0.0257913950598,0.0259680779666,0.0262223289789,0.0262955877452,0.0262266383181,0.0261835449262,0.0262309476573,0.0262524943533,0.0264162492425,0.0263343717979,0.0261404515343,0.0261964729438,0.0264334865993,0.0265067453655,0.0265024360264,0.026584313471,0.0266015508278,0.0267696150562,0.0266877376116,0.0267825430738,0.0270712687996,0.0268945858928,0.0270066287117,0.0273772318822,0.0277995471229,0.0278900432459,0.0281227475623,0.028071035492,0.0284416386624,0.0288855005991,0.0292388664128,0.0294758800683,0.029333671875,0.0291828450033,0.0291182049155,0.0289329033302,0.0290104714357,0.0290277087924,0.0289932340789,0.0287820764585,0.0286441776044,0.0289199753127,0.0292000823601,0.0290880395411,0.0290578741668,0.0295965415657,0.029717203063,0.0298809579523,0.0299757634145,0.0300619501983,0.0300964249119,0.0302257050876,0.0303420572458,0.0307729911649,0.0309582927501,0.030841940592,0.0309626020893,0.0311522130137,0.0312427091368,0.0314150827044,0.0316865710735,0.0318761819979,0.0320744116007,0.0321562890453,0.0326518630523,0.0328199272808,0.0329362794389,0.0333456666621,0.0337679819028,0.0339144994353,0.0342247718571,0.0344143827815,0.0345738283316,0.0346427777587,0.0347074178465,0.0348496260399,0.0350952583738,0.0351771358184,0.0353021066549,0.0354270774915,0.0354874082402,0.0355434296496,0.0355994510591,0.0360260756391,0.0362415425986,0.0367112605705,0.0369094901733,0.0373016400397,0.0375041789817,0.0380212996846,0.0381462705212,0.038434996247,0.0385427297268,0.0387840527215,0.0389693543067,0.0393873602083,0.0396373018814,0.0399174089288,0.040102710514,0.0401888972978,0.0406844713048,0.0410680024929,0.041589432535,0.0419255609919,0.042378041607,0.0424125163205,0.0428649969356,0.042985658433,0.0434726137616,0.0440974679443,0.0442224387809,0.0446447540216,0.0450239758705,0.0455238592166,0.0457048514627,0.0465925753361,0.0470709119863,0.0474501338351,0.0480362039652,0.0483163110126,0.0491006107454,0.0499064571742,0.0505614767312,0.0509881013112,0.051479365979,0.051457819283,0.0516991422777,0.0521947162847,0.0527290743445,0.0532892884393,0.0535650861476,0.0536986756625,0.0543666232371,0.0545907088751,0.0550690455253,0.0558705826149,0.056706594418,0.0573917793494,0.0578528786429,0.0586802717676,0.0590164002245,0.0598308653317,0.0603996981049,0.061550291669,0.0623992314897,0.0629508269062,0.0634507102524,0.0638730254931,0.0641703698973,0.0642436286636,0.0652864887478,0.0655105743858,0.0657389693629,0.0661871406388,0.0664413916511,0.0670877925298,0.0675618198408,0.0681823646844,0.069074397897,0.0699664311096,0.0708455363046,0.0712549235278,0.0724658478405,0.0732372195557,0.0744524532077,0.0752108969054,0.0761632608666,0.077253523682,0.0775853427997,0.0782231250001,0.0787876484341,0.0801321622618,0.0805803335377,0.0812612091299,0.0817912578504,0.0824290400507,0.0833641666552,0.083967474142,0.0852085638291,0.0863850134283,0.0873761614423,0.0880958210873,0.0892679613473,0.0900522610801,0.0914312496213,0.0924310163137,0.0932110067073,0.0941935360429,0.0954820284611,0.0965076511886,0.0972057641376,0.0983305016666,0.0991406574345,0.100554120689,0.101717642271,0.102984587993,0.104329101821,0.105975269392,0.106987964102,0.107910162689,0.10907368427,0.110452672812,0.111676525142,0.112301379325,0.113003801613,0.114072517732,0.114684443897,0.115873821514,0.116494366358,0.118183627321,0.119403170312,0.120614094625,0.12229042757,0.124139134083,0.12586286976,0.127534893366,0.129241391686,0.130628998905,0.132486324097,0.133378357309,0.135296013249,0.136265614567,0.137403280114,0.138415974824,0.139950099576,0.141428202919,0.143492376391,0.14477655947,0.146435655059,0.148482591175,0.149822795663,0.152046414686,0.154054566749,0.156118740222,0.15719176568,0.159044781532,0.16044531677,0.162582749008,0.164763274639,0.166443916924,0.168693391982,0.169826748189,0.17147291576,0.173300075577,0.175605572045,0.177350854417,0.179669278902,0.181470582684,0.182780621798,0.18495683809,0.186887422047,0.189365292082,0.191252782648,0.193204913302,0.195756042103,0.19779435954,0.199518095217,0.200974651864,0.204111850795,0.205995032021,0.208365168577,0.211252425835,0.213657037103,0.216294352689,0.218168915237,0.220681259985,0.222422233019,0.225792136266,0.227451231855,0.229368887795,0.231657146905,0.233811816501,0.236173334378,0.238746009875,0.240909298149,0.242904522195,0.246166691962,0.248196390722,0.251053482605,0.254203609554,0.256366897828,0.258517258085,0.261619982302,0.26386945736,0.266502463606,0.269342318133,0.272363164906,0.274888437672,0.277409401099,0.280158759503,0.284071639489,0.287204529081,0.289247155858,0.292410210824,0.295340561474,0.298516544458,0.300947011762,0.304062663997,0.308005709357,0.310940369347,0.312263336478,0.31539622607,0.318412763504,0.321123337856,0.323851149564,0.325962725767,0.3288801484,0.331607960108,0.333038660719,0.336055198153,0.339700899109,0.341958992845,0.344915199531,0.347888643573,0.350952583738,0.353990667867,0.356593508739,