# R script for Peak Model
#  -- generated by MACS
p <- c(0.0401327574644,0.0468466752233,0.053412635543,0.0599953457615,0.0667427633179,0.0670498447954,0.0666562221742,0.0664635983383,0.0664189319416,0.0666534305244,0.0666673887734,0.0663547239963,0.0666003891783,0.0665836392795,0.066536181233,0.0668460543603,0.0670610113946,0.0673066765767,0.0672843433783,0.0669772619007,0.0668125545628,0.0670721779938,0.0669577203522,0.0668935124069,0.0667343883685,0.0664328901906,0.0664608066885,0.0662681828526,0.0662570162534,0.0663882237938,0.0665333895832,0.0665333895832,0.0665389728828,0.0666143474273,0.0668404710608,0.066946553753,0.0668711792085,0.0668544293097,0.066946553753,0.0667399716681,0.066550139482,0.0663295991481,0.0663128492493,0.0664691816379,0.0666813470224,0.0664831398869,0.0665613060812,0.0666980969212,0.0667176384697,0.0667706798159,0.0670861362428,0.0672313020322,0.067055428095,0.0672005938844,0.0667762631154,0.0667427633179,0.0669046790061,0.0669437621032,0.0667343883685,0.0667678881661,0.0664998897857,0.066522222984,0.0667343883685,0.0666255140265,0.066974470251,0.0671587191375,0.0668181378624,0.0669298038542,0.0669660953016,0.0669409704534,0.0671056777914,0.0671838439856,0.0669633036518,0.0669633036518,0.0667846380648,0.0665920142289,0.0669242205546,0.0666031808281,0.0666813470224,0.0669158456052,0.0666785553726,0.0667120551701,0.066795804664,0.0666115557775,0.0665975975285,0.066795804664,0.0669716786012,0.0669884284999,0.0670163449979,0.0668432627105,0.0668935124069,0.0666645971236,0.066932595504,0.067069386344,0.0668488460101,0.0670219282975,0.0667734714657,0.0668907207571,0.0669549287024,0.0670610113946,0.067206177184,0.0675132586615,0.0674993004126,0.0673820511211,0.0675858415562,0.0671587191375,0.0668404710608,0.0668683875587,0.0670023867489,0.0668209295122,0.0667734714657,0.0668069712632,0.0663686822453,0.0662598079032,0.066413348642,0.0664496400893,0.0665473478322,0.0665417645326,0.066385432144,0.0664161402918,0.0664161402918,0.0661174337636,0.0664747649375,0.0664943064861,0.0664245152412,0.0666087641277,0.0668767625081,0.0666003891783,0.0665305979334,0.0666562221742,0.0666897219718,0.066946553753,0.0671308026395,0.0674071759693,0.067493717113,0.0672564268803,0.0672005938844,0.0673485513236,0.0677086741472,0.0675690916575,0.0675579250583,0.0674630089652,0.0672508435807,0.0670303032469,0.0669577203522,0.0670442614958,0.0669660953016,0.0671810523358,0.067192218935,0.0674490507162,0.0679431727301,0.0680297138738,0.068300503904,0.068560127335,0.0685015026893,0.0686438768288,0.0684819611407,0.0685070859888,0.0682753790558,0.0682279210093,0.067876173135,0.0678342983881,0.0677952152909,0.0677058824975,0.0678817564346,0.0680408804729,0.0683563368999,0.0684428780435,0.0686020020819,0.0685070859888,0.0688169591162,0.068956541606,0.0689453750068,0.0690123746019,0.0692273316362,0.0692971228811,0.0696963288019,0.069707495401,0.0698666194394,0.0701429927692,0.0699308273847,0.0700787848239,0.069886160988,0.06972145365,0.0694227471219,0.0691575403913,0.068819750766,0.0691826652394,0.0690765825472,0.0690179579015,0.0691798735896,0.0693557475268,0.069707495401,0.0699336190345,0.0700480766761,0.0703691164026,0.0705114905422,0.070254658761,0.0702965335079,0.0704807823945,0.070282575259,0.0701709092671,0.0700424933765,0.0701569510182,0.0702295339129,0.0704416992973,0.0706147815847,0.0705896567365,0.0707096976777,0.0707152809773,0.071061445552,0.0712903608353,0.0714076101267,0.0713629437299,0.0716532753087,0.0714550681732,0.0712847775357,0.0713517771308,0.0713964435275,0.0714076101267,0.0712680276369,0.0711535699953,0.0711731115438,0.0713936518777,0.0712512777381,0.0714941512703,0.0715220677683,0.0716895667561,0.0719659400858,0.0721194808246,0.072510311796,0.0726917690327,0.0728843928687,0.073317098587,0.0734427228278,0.0736660548115,0.0738335537992,0.0737833041029,0.0737330544066,0.0739061366939,0.0737972623519,0.0738558869976,0.0740317609347,0.0739898861878,0.0742913843657,0.0742802177666,0.0743946754082,0.0746794236873,0.0748329644261,0.0749725469159,0.075422002533,0.0753829194359,0.0754164192334,0.0755755432718,0.075558793373,0.0757207090612,0.075969165893,0.0760110406399,0.0761701646783,0.0760947901338,0.076078040235,0.0763879133624,0.0765554123501,0.0763125388179,0.0764493296579,0.076761994435,0.0771779502546,0.0774236154366,0.0772421581999,0.0773342826432,0.077186325204,0.0773538241917,0.0773929072889,0.0774543235844,0.0775157398799,0.0773789490399,0.0773063661452,0.0775659895762,0.0776860305174,0.0779875286954,0.0784006928651,0.0782192356284,0.0786128582496,0.0789534395247,0.0789534395247,0.0790818554153,0.0792409794537,0.0792968124496,0.0797630179655,0.0797686012651,0.079536894332,0.0799053921051,0.0800170580969,0.0802710982283,0.0807345120944,0.0807289287948,0.0809020110822,0.081451966092,0.0817702141687,0.0824457934193,0.0832581635098,0.0839979507057,0.0846567800575,0.0855975660387,0.0862284788926,0.0876410536892,0.0886711724639,0.0892155441741,0.0899692896189,0.0904634116328,0.0911417825332,0.0914404890613,0.091937402725,0.0923142754474,0.0928446889086,0.0925403990809,0.0926604400221,0.092989854698,0.0934309353657,0.0937603500416,0.09378268324,0.0941260561649,0.09419305576,0.0940758064685,0.0942935551526,0.0945448036342,0.0949803010024,0.0950975502938,0.0949635511036,0.095245507733,0.0956670468521,0.0959462118317,0.0963705426007,0.0966608741795,0.096708332226,0.097487202519,0.0975904935615,0.0976435349076,0.0976630764561,0.097459286021,0.0976295766586,0.0977244927516,0.0978110338953,0.0980985738243,0.0985340711924,0.0984000720022,0.0987155284292,0.0993296913842,0.0999271044405,0.10034026861,0.100898598569,0.101417845431,0.101895217547,0.102082258083,0.102224632222,0.102470297405,0.102152049328,0.102129716129,0.102364214712,0.102696421038,0.102319548316,0.102157632627,0.101962217142,0.10226371532,0.10238933956,0.102598713295,0.103332917191,0.103508791129,0.103547874226,0.103779581159,0.104184370379,0.104413285662,0.104672909093,0.104628242697,0.104904616026,0.10485994963,0.104795741684,0.105035823567,0.105256363901,0.105390363091,0.105566237028,0.105756069214,0.105820277159,0.106172025034,0.106434440115,0.106568439305,0.106855979234,0.107355684547,0.10772697397,0.108050805346,0.108310428777,0.108893883585,0.109413130447,0.109443838594,0.109647629029,0.110339958179,0.110412541074,0.110298083432,0.110434874272,0.110842455142,0.110917829687,0.110663789555,0.110758705648,0.111308660658,0.111526409342,0.111534784291,0.111947948461,0.112031697955,0.112528611619,0.112573278015,0.11319860757,0.11374297928,0.114083560555,0.114309684188,0.114385058733,0.114538599472,0.114412975231,0.114985263439,0.114868014148,0.114907097245,0.114653057113,0.114809389502,0.114895930646,0.115211387073,0.115445885655,0.115666425989,0.116397838236,0.116448087932,0.117106917284,0.11716275028,0.117735038488,0.118058869864,0.118293368447,0.118139827708,0.118592074975,0.119010822445,0.118996864196,0.119465861361,0.119248112677,0.119789692738,0.120043732869,0.120186107009,0.120336856098,0.120652312525,0.120540646533,0.120635562626,0.121177142686,0.121210642484,0.121461890965,0.12153447386,0.12140326632,0.121238558982,0.121796888941,0.122143053515,0.122988923404,0.12331275478,0.123256921784,0.123466295519,0.123871084739,0.124426623048,0.124563413888,0.124996119607,0.125068702501,0.125562824515,0.125010077856,0.125294826135,0.125121743848,0.125386950578,0.125412075426,0.125132910447,0.12536461738,0.125666115558,0.125456741823,0.125596324313,0.126115571175,0.126481277298,0.126994940861,0.126509193796,0.12672694248,0.126626443088,0.127156856549,0.127265730891,0.127581187318,0.127324355536,0.12741647998,0.127452771427,0.127500229474,0.127916185293,0.127902227044,0.128047392834,0.128200933572,0.128226058421,0.128351682661,0.128943512418,0.129141719554,0.12933155174,0.129524175576,0.129700049513,0.129719591061,0.130213713075,0.129722382711,0.130051797387,0.130071338936,0.129686091264,0.129688882914,0.129289676993,0.12945996763,0.129786590656,0.130090880484,0.130118796982,