# R script for Peak Model
#  -- generated by MACS
p <- c(0.0318938998046,0.0369915858821,0.0426497505337,0.0484947413765,0.0539927692926,0.0536991852777,0.0545799373225,0.054446490043,0.0551404158965,0.0556475155586,0.0557809628381,0.0568218516184,0.0568485410743,0.0569019199861,0.0574357091041,0.0569819883538,0.0559144101177,0.0558877206617,0.0560211679413,0.0556742050145,0.0552204842642,0.0539927692926,0.0540995271162,0.0535123590863,0.0521778862912,0.0526849859533,0.0538593220131,0.054152906028,0.0539127009249,0.0540995271162,0.0540995271162,0.0544998689548,0.0541262165721,0.0536991852777,0.0540194587485,0.0541795954839,0.0544198005871,0.0539927692926,0.0543130427634,0.0545265584107,0.0550069686169,0.0562079941326,0.0566884043389,0.0573556407364,0.0587701818993,0.0582630822372,0.0575691563837,0.0575424669278,0.0577826720309,0.058022877134,0.0583431506049,0.0571688145451,0.0574357091041,0.0578894298545,0.0571154356333,0.0574357091041,0.0574090196482,0.0573289512805,0.0570620567215,0.0566083359711,0.055807652294,0.0559944784854,0.0559677890295,0.0554873788232,0.0562346835885,0.0565549570593,0.056101236309,0.056368130868,0.0567150937948,0.0574623985601,0.0576492247514,0.057489088016,0.056368130868,0.0560745468531,0.0553272420878,0.0554339999114,0.0558343417499,0.0559410995736,0.0555140682791,0.0545532478666,0.0543931111312,0.0546333162343,0.0553806209996,0.0565549570593,0.0567684727066,0.0562613730444,0.0559144101177,0.056101236309,0.0555140682791,0.0562079941326,0.0564748886916,0.0567684727066,0.0560478573972,0.0560211679413,0.055807652294,0.0564481992357,0.0567417832507,0.0562346835885,0.0567417832507,0.0563948203239,0.0565549570593,0.0562613730444,0.0565282676034,0.0564748886916,0.0575157774719,0.0570887461774,0.057195504001,0.0573289512805,0.058316461149,0.0592505921056,0.0592505921056,0.0594907972087,0.060238101974,0.0597843812236,0.0586901135316,0.0583965295167,0.0582630822372,0.0582630822372,0.0570620567215,0.0564748886916,0.0561279257649,0.0558343417499,0.0550069686169,0.0549002107933,0.0549535897051,0.0554606893673,0.0551671053524,0.055540757735,0.0568752305302,0.0566083359711,0.0571421250892,0.0577826720309,0.0583431506049,0.0582363927812,0.0581296349576,0.0587701818993,0.0587168029875,0.0577826720309,0.056928609442,0.0567417832507,0.0565816465152,0.0560745468531,0.0557275839263,0.0558343417499,0.0554873788232,0.0545265584107,0.0547400740579,0.0551137264406,0.0543664216753,0.0544731794989,0.0543664216753,0.054152906028,0.0544198005871,0.0543130427634,0.0547400740579,0.0544731794989,0.054713384602,0.054713384602,0.0551937948083,0.0562079941326,0.0568485410743,0.0568218516184,0.0567951621625,0.0566884043389,0.057195504001,0.0572755723687,0.0568485410743,0.0577292931191,0.0575958458396,0.0574090196482,0.056368130868,0.0561279257649,0.0563948203239,0.0567417832507,0.0564215097798,0.0574357091041,0.0576759142073,0.0578894298545,0.0581563244135,0.0582363927812,0.0587968713552,0.0592772815615,0.0589036291788,0.0586901135316,0.0582897716931,0.0579428087663,0.0579961876781,0.0578627403986,0.0584499084285,0.0579161193104,0.0580762560458,0.0578627403986,0.0582630822372,0.0583431506049,0.0583431506049,0.0585299767962,0.0589303186347,0.0583431506049,0.0587168029875,0.0592505921056,0.0591705237379,0.0595975550323,0.0596776234,0.0601046546945,0.0614124380338,0.0612523012983,0.0610921645629,0.061332369666,0.0609587172834,0.0603181703417,0.0605316859889,0.0603982387094,0.0604516176212,0.0600512757827,0.0592505921056,0.0593306604733,0.0589570080906,0.0593306604733,0.0592239026497,0.0598644495914,0.060504996533,0.0607452016362,0.0607452016362,0.0610120961952,0.0607185121803,0.0606384438126,0.0618127798723,0.0611455434747,0.061332369666,0.0606117543567,0.0598110706796,0.0591705237379,0.0591972131938,0.0586634240757,0.0593306604733,0.0596509339441,0.0585299767962,0.0588235608111,0.0579161193104,0.058850250267,0.0590370764584,0.0595441761205,0.0593573499292,0.0597843812236,0.0593306604733,0.0591705237379,0.0601847230622,0.0606117543567,0.0613857485779,0.060798580548,0.0611455434747,0.0610921645629,0.0622131217109,0.0619462271518,0.0620796744313,0.0620262955195,0.0614925064015,0.0608519594598,0.0603181703417,0.0609320278275,0.0607185121803,0.0612789907542,0.0610387856511,0.0617594009605,0.0625600846376,0.0623732584463,0.0626668424612,0.0630938737557,0.0632006315793,0.0623732584463,0.0615725747692,0.061625953681,0.0616793325928,0.062186432255,0.0620262955195,0.0619729166077,0.0624266373581,0.0617327115046,0.0623465689904,0.0633340788588,0.0649087567571,0.0652290302279,0.0646952411099,0.0638945574328,0.0636276628737,0.0637877996092,0.063841178521,0.0652824091398,0.0651489618602,0.0647219305658,0.0642682098154,0.0638678679769,0.0633607683147,0.0638945574328,0.0639479363446,0.0646418621981,0.0648820673012,0.0641347625359,0.0647486200217,0.0653090985957,0.0649087567571,0.0657895088019,0.0673641867002,0.0676577707152,0.0688854856867,0.069365895893,0.070460163585,0.0723551149542,0.0732625564549,0.0736628982934,0.0751041289122,0.0757980547657,0.0758781231334,0.0767855646341,0.0766788068105,0.0772125959286,0.0770524591932,0.0767321857223,0.0770791486491,0.0780399690616,0.0778531428703,0.0777997639585,0.0782267952529,0.0783068636206,0.0784403109001,0.079587957504,0.080682225196,0.0807622935637,0.0804687095488,0.0805220884606,0.0815362877849,0.0817231139763,0.0821768347266,0.0833778602423,0.0840184071839,0.0836447548013,0.0831910340509,0.0838315809926,0.0835646864336,0.0840450966399,0.0832977918746,0.0834045496982,0.0838582704485,0.0825771765652,0.0831109656832,0.0829508289478,0.0832444129627,0.083164344595,0.0840184071839,0.0831910340509,0.083991717728,0.0839383388162,0.0824170398297,0.0827373133006,0.0826038660211,0.0827373133006,0.083164344595,0.0830042078596,0.0829241394919,0.0839650282721,0.0849525381406,0.0848991592288,0.086206942568,0.0871944524365,0.0871677629806,0.088422167408,0.0891160932615,0.0900235347622,0.090370497689,0.0901036031299,0.0897566402032,0.0904238766008,0.0913313181015,0.0908775973511,0.0912779391897,0.0911178024543,0.0903971871449,0.0905306344244,0.0915181442928,0.0921586912345,0.0921853806904,0.0940269531477,0.0935465429415,0.0946408106335,0.0948810157366,0.0950144630162,0.0956816994137,0.0958418361492,0.0964556936349,0.0973097562238,0.0978969242537,0.0964023147231,0.0970428616648,0.0973097562238,0.0980570609891,0.098644229019,0.0984840922836,0.0988043657544,0.0998719439906,0.100672627668,0.101500000801,0.102861163052,0.103047989243,0.102594268493,0.102887852508,0.102754405228,0.10326150489,0.104008809656,0.102514200125,0.102247305566,0.102273995022,0.102781094684,0.103341573258,0.104595977685,0.104862872245,0.10443584095,0.105103077348,0.104489219862,0.105129766804,0.105129766804,0.104836182789,0.105423350818,0.106837891981,0.106544307966,0.106731134158,0.107638575658,0.109293321924,0.110360900161,0.111988956971,0.112682882824,0.113910597796,0.113350119222,0.113536945413,0.113777150516,0.115031554944,0.115618722974,0.114310939634,0.115485275694,0.114577834193,0.115565344062,0.115885617533,0.116766369577,0.117086643048,0.118554563123,0.11772718999,0.118688010402,0.119034973329,0.120209309389,0.121597161096,0.121143440346,0.120849856331,0.121970813479,0.123145149538,0.122904944435,0.123518801921,0.123892454304,0.125867474041,0.125333684922,0.126107679144,0.127548909762,0.128536419631,0.129070208749,0.127735735954,0.129710755691,0.130671576103,0.131418880868,0.131205365221,0.13251314856,0.132673285296,0.133260453326,0.134034447547,0.133794242444,0.135876020004,0.136062846196,0.137050356064,0.137931108109,0.138491586683,0.138411518315,0.13870510233,0.139078754713,0.139719301654,0.14092032717,0.141320669009,0.142441626157,0.142868657451,0.143402446569,0.144523403717,0.145671050321,0.146952144204,0.148366685367,0.148713648294,0.150768736398,0.15023494728,0.151355904428,0.152183277561,0.152610308856,0.153464371445,0.153944781651,0.15525256499,0.15538601227,0.157921510581,0.157174205815,0.158215094595,0.158028268404,0.159949909229,0.161257692568,