# R script for Peak Model
#  -- generated by MACS
p <- c(0.0395658324774,0.0463892410084,0.0531298411835,0.0598373180162,0.0670913299983,0.0674888101069,0.0674722484357,0.0674060017509,0.0676047418052,0.0677206735035,0.0677869201883,0.0678366052019,0.0678366052019,0.0677372351747,0.0669588366287,0.0672238233678,0.0672569467102,0.0672238233678,0.0667600965744,0.0672569467102,0.0674225634221,0.0675219334492,0.0674888101069,0.0676047418052,0.068018783585,0.0676047418052,0.0679525369002,0.0677537968459,0.0681347152833,0.0676378651476,0.0682175236393,0.0676544268188,0.0674391250933,0.0665282331777,0.0660976297267,0.0661969997539,0.0660148213708,0.0661141913979,0.0663129314522,0.0664454248218,0.0656504646046,0.0656670262758,0.0657663963029,0.066892589944,0.0671741383542,0.0667435349032,0.0664785481642,0.0659982596996,0.0649051894009,0.0647561343602,0.0650045594281,0.0649714360857,0.0643586542516,0.0640605441701,0.0645739559771,0.065087367784,0.0651536144688,0.0654351628791,0.0660479447132,0.0656339029334,0.0655842179198,0.0661473147403,0.0667766582456,0.0664951098353,0.0659154513436,0.065600779591,0.0653026695095,0.0660148213708,0.0659320130148,0.0661307530691,0.0659982596996,0.0658326429877,0.0660148213708,0.0663626164658,0.0666441648761,0.0664785481642,0.0658492046589,0.0653192311807,0.0654351628791,0.0659816980284,0.066296369781,0.0664123014794,0.0658988896724,0.0661473147403,0.0660976297267,0.0665116715065,0.0673397550661,0.0673397550661,0.0678034818595,0.0674225634221,0.0670416449847,0.066726973232,0.0673397550661,0.0671741383542,0.0668263432592,0.0671078916694,0.0670416449847,0.0669753982999,0.0663957398082,0.0664785481642,0.0667932199168,0.0672900700526,0.0667435349032,0.0668594666016,0.0671078916694,0.0671741383542,0.0667932199168,0.0670747683271,0.0669588366287,0.067157576683,0.0669588366287,0.0664454248218,0.0668429049304,0.066379178137,0.066296369781,0.0660645063844,0.066296369781,0.0665447948489,0.0669919599711,0.0665779181913,0.0666276032049,0.066892589944,0.066379178137,0.0664951098353,0.066461986493,0.0664288631506,0.0661969997539,0.0658988896724,0.0657332729605,0.0659816980284,0.065517971235,0.0649879977569,0.0650045594281,0.065517971235,0.0657001496181,0.0661141913979,0.0662466847675,0.0660810680556,0.0662632464387,0.066379178137,0.0665282331777,0.0666938498896,0.0670085216423,0.0664454248218,0.0658492046589,0.0657332729605,0.0661473147403,0.0664785481642,0.0663294931234,0.0659816980284,0.0657663963029,0.0660479447132,0.0664288631506,0.0664454248218,0.0664951098353,0.0663957398082,0.0662135614251,0.0659982596996,0.0662466847675,0.0664123014794,0.066809781588,0.0666276032049,0.066461986493,0.066461986493,0.0669091516151,0.0665613565201,0.0665447948489,0.0663294931234,0.0662301230963,0.066809781588,0.0665779181913,0.0668263432592,0.0669257132863,0.0670747683271,0.066461986493,0.0665447948489,0.0664785481642,0.0665613565201,0.065948574686,0.0652032994824,0.0652695461671,0.0651867378112,0.0646236409907,0.0646898876754,0.0654517245503,0.0653357928519,0.0650211210993,0.0648389427162,0.0651370527976,0.0652032994824,0.0654682862215,0.0651204911264,0.0651370527976,0.0646070793195,0.0640108591566,0.0637458724175,0.0639446124718,0.0645573943059,0.0644745859499,0.0645739559771,0.0644745859499,0.065087367784,0.0654351628791,0.0656504646046,0.0656835879469,0.0657829579741,0.0661638764115,0.0656504646046,0.066031383042,0.0660148213708,0.0663129314522,0.065600779591,0.0658988896724,0.0660479447132,0.0658492046589,0.0662798081099,0.0658823280012,0.0664454248218,0.0667104115608,0.0666110415337,0.0670250833135,0.0678366052019,0.0675384951204,0.0677537968459,0.0687474971174,0.0684162636936,0.0689462371717,0.0682672086529,0.0682506469817,0.0687474971174,0.0682837703241,0.0686315654191,0.0688965521582,0.0690124838565,0.0688634288158,0.0693934022939,0.0691284155549,0.0699564991144,0.0696915123754,0.0701552391687,0.069741197389,0.069310593938,0.0691781005684,0.0692443472532,0.0689959221853,0.0685321953919,0.0688303054734,0.069144977226,0.0690952922125,0.068797182131,0.0695590190058,0.0698571290873,0.0702711708671,0.0710330077419,0.0714801728641,0.071645789576,0.0711158160979,0.0704864725926,0.0704864725926,0.0704036642366,0.0702546091959,0.0702049241823,0.0696252656906,0.0687640587886,0.0684162636936,0.0682340853105,0.068449387036,0.0684990720496,0.0685653187343,0.0687806204598,0.0687806204598,0.0685487570631,0.0686150037479,0.0690456071989,0.0690787305413,0.069741197389,0.0702711708671,0.0705361576062,0.0705692809485,0.0709833227283,0.0710164460707,0.0712483094674,0.0718610913015,0.0718776529727,0.0728051065594,0.0724573114644,0.0723910647797,0.0722254480677,0.0725401198204,0.0718445296303,0.0721923247253,0.0717782829456,0.071728597932,0.072589804834,0.0724076264508,0.0732688333528,0.0734344500647,0.0738153685022,0.0743453419803,0.0748256304449,0.0755046589637,0.0763327425233,0.0770283327134,0.0769620860286,0.0773264427948,0.0777073612322,0.0784857597783,0.0797941318024,0.0801419268974,0.0805228453349,0.0802412969246,0.0814502989216,0.0816324773047,0.0822121357964,0.0821955741252,0.0828249176305,0.0825764925627,0.0821127657693,0.082609615905,0.0832223977391,0.0837192478749,0.0835701928342,0.0834211377934,0.0840173579563,0.0840670429699,0.083818617902,0.0847129481464,0.0850110582279,0.0850773049126,0.0848454415159,0.0852760449669,0.0852263599533,0.0857397717603,0.0856404017331,0.0857232100891,0.0862531835672,0.0855741550484,0.0858225801163,0.0860710051841,0.0866175403335,0.0868162803878,0.0870150204421,0.0869653354285,0.0861869368825,0.0864353619504,0.0854747850212,0.0863691152656,0.0861206901977,0.085971635157,0.0861206901977,0.0854251000077,0.0849116882007,0.0851601132686,0.0853422916517,0.0857397717603,0.0863028685808,0.0862034985537,0.0858391417874,0.0857894567739,0.0855741550484,0.0863028685808,0.086750033703,0.0863028685808,0.0862034985537,0.08545822335,0.0853754149941,0.0853422916517,0.0864188002792,0.0868659654013,0.0870150204421,0.086319430252,0.0860875668553,0.0869818970997,0.087528432249,0.0882737074527,0.088389639151,0.0880915290695,0.0873131305235,0.0866175403335,0.0867665953742,0.0876774872897,0.0875449939202,0.0869653354285,0.0863856769368,0.0867665953742,0.0865181703063,0.0868659654013,0.0872303221676,0.0877106106321,0.0873131305235,0.0870150204421,0.0877934189881,0.0880087207136,0.0874953089066,0.0874953089066,0.0877768573169,0.0882902691238,0.088041844056,0.088306830795,0.0891017910122,0.0893005310665,0.0896483261616,0.0898636278871,0.0907910814738,0.090724834789,0.0911719999112,0.0910726298841,0.0917682200741,0.0918344667589,0.0915529183486,0.0920497684844,0.0922153851963,0.0926128653049,0.0929109753864,0.0921822618539,0.0920828918268,0.0921160151692,0.0923313168947,0.092530056949,0.0921822618539,0.0922981935523,0.0915694800198,0.0915694800198,0.0915197950063,0.0925134952778,0.0929440987288,0.093308455495,0.0927453586745,0.0922650702099,0.0931925237966,0.0929109753864,0.0935071955493,0.0934740722069,0.0941034157122,0.094086854041,0.0938218673019,0.0933747021797,0.0940537306986,0.0942690324241,0.0947990059022,0.095213047682,0.0951302393261,0.095213047682,0.0948321292446,0.0952792943668,0.0958589528585,0.0964717346926,0.0962564329671,0.0966704747469,0.0959914462281,0.0955111577635,0.0955608427771,0.095809267845,0.0959583228857,0.0965214197062,0.0957595828314,0.0955939661195,0.0963558029943,0.0964386113502,0.0959583228857,0.0960576929128,0.0963226796519,0.0968195297877,0.0976144900049,0.0970679548555,0.0977635450456,0.0975316816489,0.0969520231572,0.0975648049913,0.0986909986323,0.0999496856429,0.0997675072598,0.0997343839174,0.0988731770154,0.0990884787409,0.0998006306022,0.100148425697,0.100910262572,0.101075879284,0.101042755942,0.100579029148,0.10115868764,0.10144023605,0.101903962844,0.101622414433,0.101754907803,0.102367689637,0.102566429691,0.102748608074,0.104007295085,0.104056980099,0.104785693631,0.10546472215,0.106276244038,0.107601177734,0.108495507978,0.109687948304,0.110019181728,0.110648525233,0.111426923779,0.112536555749,