# R script for Peak Model
#  -- generated by MACS
p <- c(0.0335333852926,0.0387904537007,0.0444501911783,0.0504902272217,0.0566197452805,0.0571118963655,0.0578053819853,0.0580290870239,0.0588791661708,0.0587225726437,0.0592594647365,0.0600871733795,0.0608030295031,0.0601766553949,0.059662133806,0.0589910186901,0.0585883496206,0.0580961985355,0.0583646445819,0.0582527920626,0.058521238109,0.0585659791167,0.0580067165201,0.057850122993,0.0581185690394,0.0582975330703,0.0579619755124,0.0591476122172,0.0588120546592,0.058521238109,0.0588567956669,0.0590581302017,0.0590581302017,0.0597739863254,0.0604003604336,0.0601095438833,0.0604451014413,0.0593936877597,0.0587896841553,0.0593936877597,0.0591923532249,0.0592370942326,0.0595726517906,0.0592594647365,0.058342274078,0.0589462776824,0.0590581302017,0.0592594647365,0.0593936877597,0.0591476122172,0.0588567956669,0.0581409395433,0.0581633100471,0.0587896841553,0.058521238109,0.0585883496206,0.0589015366747,0.0589686481862,0.0589910186901,0.0591252417133,0.0591923532249,0.0596173927983,0.0592818352403,0.0584093855896,0.0591476122172,0.0587449431476,0.0580067165201,0.0582527920626,0.0578053819853,0.058185680551,0.0582304215587,0.0582527920626,0.0580738280317,0.0581185690394,0.0584317560935,0.0593936877597,0.060333248922,0.0600200618679,0.0607135474877,0.0598634683408,0.0597739863254,0.0588567956669,0.0591028712094,0.0597292453176,0.0596397633022,0.0588344251631,0.0580290870239,0.0579843460162,0.0582080510549,0.0580961985355,0.0580738280317,0.0582304215587,0.0582751625665,0.0579396050085,0.0578724934969,0.0578277524892,0.0588567956669,0.0595950222944,0.0600871733795,0.0608477705108,0.0613622920997,0.0617649611693,0.0617425906654,0.0623913352775,0.0626150403161,0.0628834863625,0.0624808172929,0.0618768136886,0.0610714755495,0.0608701410147,0.0606464359761,0.0612728100843,0.0619215546963,0.061474144619,0.0618544431847,0.0618320726809,0.0615859971384,0.0622794827582,0.0625031877968,0.0627268928354,0.0619662957041,0.0616083676422,0.0614294036113,0.0613846626036,0.0601319143872,0.059662133806,0.0596173927983,0.0597739863254,0.0600648028756,0.0598858388447,0.0602885079142,0.0600648028756,0.0601766553949,0.059662133806,0.0593936877597,0.0596397633022,0.0593936877597,0.058677831636,0.0593042057442,0.0595726517906,0.0596845043099,0.0604003604336,0.0600648028756,0.0606016949683,0.0609372525263,0.0612056985727,0.0618544431847,0.0620781482234,0.0611833280688,0.0603779899297,0.0610267345418,0.060333248922,0.0595726517906,0.0592370942326,0.0592594647365,0.0587225726437,0.0576264179544,0.0576487884583,0.0580067165201,0.0582527920626,0.0573803424119,0.0576040474505,0.0580067165201,0.0582527920626,0.0588344251631,0.0593265762481,0.0599082093485,0.0597739863254,0.0601095438833,0.0601542848911,0.0603108784181,0.0599529503563,0.0602213964026,0.0603108784181,0.0601542848911,0.0602213964026,0.0604003604336,0.0607359179915,0.0598187273331,0.060489842449,0.0604003604336,0.0608030295031,0.0613846626036,0.0615412561306,0.0614070331075,0.0611833280688,0.061809702177,0.0613622920997,0.0610938460534,0.0607582884954,0.0610491050456,0.0612728100843,0.061317551092,0.0611385870611,0.0614070331075,0.0621005187272,0.0617425906654,0.0617202201616,0.06165310865,0.0617873316731,0.0615636266345,0.0613399215959,0.0608701410147,0.0614965151229,0.0613399215959,0.0610267345418,0.0606240654722,0.0610938460534,0.0620110367118,0.061474144619,0.0614965151229,0.0618320726809,0.0621228892311,0.0609596230302,0.060489842449,0.0600871733795,0.0606911769838,0.0602213964026,0.0606240654722,0.0615188856268,0.0619439252002,0.0617873316731,0.0619439252002,0.0634203784552,0.0642033460905,0.0647402381832,0.0643823101214,0.0650981662451,0.0647178676794,0.0638230475248,0.0639125295403,0.064449421633,0.0636440834939,0.0627045223316,0.06263741082,0.0622794827582,0.0626821518277,0.0629505978741,0.0630400798895,0.0636888245016,0.0640243820596,0.0636440834939,0.0644270511291,0.0649863137257,0.0653666122914,0.0660377274074,0.0663285439576,0.0656126878339,0.0659929863996,0.065433723803,0.0651876482605,0.065769281361,0.0656797993455,0.0658587633764,0.065277130276,0.0657021698494,0.0655008353146,0.0665298784924,0.0664851374846,0.067581292174,0.0679839612435,0.0674470691508,0.0674246986469,0.0678497382204,0.0686998173672,0.0679615907397,0.0684537418247,0.0685432238402,0.0682747777938,0.0687445583749,0.0689458929097,0.0688787813981,0.0686550763595,0.0680063317474,0.067245734616,0.0675141806624,0.0671115115928,0.0669101770581,0.0667088425233,0.0665746195001,0.0659706158958,0.0661943209344,0.0662166914383,0.0655008353146,0.0662390619421,0.0672009936083,0.067581292174,0.0678049972126,0.0688116698865,0.0680958137629,0.0689458929097,0.0689458929097,0.0699525655836,0.0713395368232,0.0711382022884,0.0703552346532,0.0708921267459,0.0710039792652,0.070713162715,0.0717869469005,0.0723685800009,0.0731739181401,0.074001626783,0.0749635584492,0.0762834181772,0.0776480189129,0.0785875800752,0.078945508137,0.0807798894539,0.0813167815467,0.0820326376703,0.0834867204215,0.0833524973983,0.0831287923597,0.0838670189872,0.0840012420104,0.0831064218558,0.0835985729408,0.0825471592592,0.0823905657321,0.0821668606935,0.0822116017012,0.0825695297631,0.0831959038713,0.0818984146471,0.0818760441433,0.0826590117785,0.0822787132128,0.0829945693365,0.0836880549563,0.084560504607,0.0840012420104,0.0845157635993,0.0848960621649,0.0863501449161,0.0871554830552,0.0877371161557,0.0887437888296,0.0887214183257,0.0889451233644,0.0880279327059,0.0884306017755,0.0881174147214,0.0881174147214,0.0879608211944,0.0872673355746,0.0864396269316,0.0870436305359,0.0880279327059,0.0879160801866,0.08834111976,0.0888332708451,0.0892583104185,0.0891240873953,0.090488688131,0.0912716557663,0.0924349219672,0.0927257385174,0.092792850029,0.0931955190986,0.0933073716179,0.0933297421218,0.0937100406875,0.094112709757,0.0934415946411,0.0929494435561,0.0928823320445,0.0922559579363,0.0920993644092,0.0920769939054,0.0914058787895,0.0919204003783,0.0919875118899,0.0922783284402,0.0919204003783,0.0919427708822,0.0925691449904,0.0935310766566,0.0943364147957,0.0946943428575,0.0964168716551,0.0965734651821,0.0967300587092,0.0964168716551,0.0978485839024,0.0989671090956,0.0990342206072,0.0986986630492,0.0979828069256,0.0978933249101,0.0988105155685,0.0997724472347,0.100376450839,0.101964756613,0.101181788978,0.101562087544,0.102277943667,0.103038540799,0.103284616341,0.103866249442,0.10379913793,0.103642544403,0.104134695488,0.104067583977,0.104000472465,0.104738699093,0.105365073201,0.10617041134,0.106953378975,0.107557382579,0.107691605603,0.107646864595,0.107982422153,0.108743019284,0.109906285485,0.109861544477,0.110219472539,0.109302281881,0.109235170369,0.109637839439,0.110555030097,0.110264213547,0.110555030097,0.110733994128,0.111561702771,0.111651184787,0.111561702771,0.113194749553,0.114156681219,0.1140448287,0.114067199204,0.11572261649,0.115677875482,0.115834469009,0.114984389862,0.115968692032,0.115879210017,0.116080544552,0.116952994202,0.117176699241,0.116617436644,0.117556997807,0.11907819207,0.119055821566,0.120800720867,0.121136278425,0.122456138153,0.122791695711,0.122456138153,0.125095857609,0.125722231717,0.124849782067,0.12556563819,0.127131573461,0.126572310864,0.126281494314,0.125476156175,0.126169641795,0.126706533887,0.125095857609,0.126415717337,0.127198684972,0.127467131019,0.12724342598,0.129100177801,0.13088981811,0.132724199427,0.132478123884,0.133462426054,0.135162584348,0.135945551983,0.137511487254,0.137243041207,0.138652382951,0.138495789424,0.138361566401,0.137444375742,0.138562900935,0.138898458493,0.138965570005,0.139547203105,0.139860390159,0.140285429733,0.140061724694,0.140061724694,0.141202620391,0.142388257096,0.142947519693,0.143529152793,0.145184570079,0.144491084459,0.145027976552,0.146101760738,0.14675050535,0.148137476589,0.149099408255,0.149882375891,0.150061339922,0.151157494611,0.151068012595,0.152745800385,0.153193210463,0.154513070191,0.155139444299,0.155407890345,0.155385519841,